459
670
963
-245
471
-835
-978
-269
770
923
-531
470
592
597
-294
541
-222
-235
672
390
219
-507
-251
753
-793
-768
221
203
-436
694
508
-460
-398
-893
152
-166
-461
-545
426
709
-927
495
668
937
-474
-811
-818
-690
943
-239
-818
-442
-55
-967
-238
-676
-83
-266
-846
-832
787
255
-867
-774
480
-857
-394
530
-239
930
-103
619
730
-937
40
848
-342
385
-1
-972
124
-757
57
-968
-737
774
433
-2
-230
691
-662
-74
595
-165
-594
-55
919
213
51
-249
-7
605
369
579
524
871
762
-142
-381
-930
-421
-670
773
-268
-16
590
-518
-464
-779
-463
-266
441
232
-337
-891
564
205
604
-69
780
-366
109
517
-748
-592
-552
498
862
553
319
420
-708
-70
580
-137
225
-682
364
907
449
-275
-310
-971
479
-324
921
658
346
894
867
-239
511
-402
-73
-963
761
500
-988
-195
-948
218
240
428
580
489
-306
492
-625
668
-156
-197
-821
-964
-121
-205
-655
-891
275
-458
-594
-254
651
693
-617
-952
-944
-666
-823
503
741
989
-107
-245
128
-213
627
-598
190
-507
-604
-556
561
242
804
-280
-429
-894
78
-918
-819
-929
574
676
771
547
595
-876
277
492
-839
579
1018
-780
565
279
781
-782
689
72
594
788
699
-298
-735
-10
-539
-795
-15
606
202
-940
46
292
-108
148
-984
869
553
-613
-934
-816
189
-983
115
-784
427
278
-374
185
934
-161
-245
531
-150
40
743
510
419
112
-11
853
572
-912
677
-405
-406
458
-573
-426
-85
783
-298
737
740
229
-722
166
-165
193
127
405
-141
160
829
-413
-29
720
442
-22
259
-910
309
229
106
292
-1021
-766
537
852
-489
-234
-413
847
363
-1014
-96
581
-952
879
208
-267
-844
-343
936
-701
-412
-920
865
-658
588
827
525
65
-170
488
-67
-584
765
246
-75
-54
858
-290
-694
903
-572
-943
-67
-527
929
-617
-746
-885
-81
-140
-30
-645
146
-563
859
75
-125
-481
-1004
431
-999
882
-201
-185
-850
-440
520
-744
996
-483
-726
214
-553
-20
-679
-419
475
-352
-1021
-960
-862
704
-437
1
-708
216
19
237
102
82
-709
-412
-778
838
-277
599
-126
-474
-703
972
-960
797
-594
-528
269
454
87
115
-606
-617
-703
998
-471
-368
925
538
-480
-817
-322
-747
-931
-546
19
-859
-591
484
644
-76
-908
242
-761
646
-67
-268
760
981
-169
-661
-141
-814
949
-1002
734
661
499
-403
659
-453
-465
93
-714
869
-554
48
-1003
-403
-114
-475
436
442
-1016
-147
-870
354
-298
-513
498
872
864
723
759
749
-483
697
-312
-830
960
-956
-554
94
734
-841
965
-236
585
-626
-37
-170
551
416
-983
144
176
703
362
-558
381
-280
40
104
451
947
57
-1009
961
-448
-623
817
-668
505
269
79
415
-973
876
-58
-784
-792
-74
-426
154
933
-442
553
198
92
-74
-94
531
-946
-96
686
985
698
-207
47
-974
115
682
478
702
324
-742
243
-461
-632
-145
414
749
141
188
-294
145
-530
53
684
-554
508
402
-521
-916
-397
-424
-143
-899
-81
-474
-201
-784
-423
-715
569
-68
-518
-805
-310
-145
-735
-494
718
-139
-432
-151
-209
-340
749
-716
277
-347
-232
810
826
-226
-500
391
66
-994
120
-108
-32
962
-480
51
-415
-528
-527
166
-246
866
88
941
765
-653
-8
-191
185
-822
-783
-398
-248
822
217
81
-356
185
-158
599
-1013
784
-989
-38
-80
816
709
-15
93
-710
802
-773
715
-579
-37
-772
-383
-24
-484
500
-922
405
483
542
-233
887
-1019
-146
-572
-560
-880
-636
842
-589
723
-867
357
206
-668
394
976
-913
-894
-658
761
-28
-504
857
301
624
-487
623
-716
-662
-553
239
-289
452
164
-602
-282
518
271
84
774
573
152
59
-1001
-206
753
-11
573
178
-551
-638
-387
-595
485
-207
-363
473
953
361
229
-437
1012
1001
-912
-275
-936
-248
22
-958
-498
-743
922
354
-725
-757
258
913
619
807
-21
947
972
-234
1015
478
-310
-327
389
-35
372
21
963
876
800
41
-718
755
136
-637
-134
-616
288
652
-601
-768
455
-580
699
-952
-69
272
-958
430
993
-197
-134
547
734
-75
-862
-261
608
688
-251
-758
587
-83
-11
-592
556
-84
579
-88
-807
601
-1007
939
680
875
-197
227
617
-281
824
-608
-639
23
300
484
-276
-728
-923
851
224
-487
-289
-181
2
510
312
159
-787
-121
-295
-146
-666
830
494
122
337
-115
300
508
759
105
-88
998
-447
-938
701
289
-935
909
-754
-100
-617
-693
-512
-196
-171
-294
-565
111
-363
-731
86
-384
-93
-402
-277
914
718
-787
760
-453
-260
-166
1015
-815
303
395
-519
-386
24
435
-267
-171
-908
-167
918
551
-343
981
995
688
270
-663
838
-378
-814
140
-115
18
247
-644
-805
296
890
-458
-1
112
182
-38
801
859
-206
648
288
322
-851
676
114
-756
202
842
312
476
705
491
930
49
-302
-435
339
-101
699
798
727
794
-720
109
-542
-503
75
706
297
95
-429
166
-263
-935
21
752
216
-654
-111
-946
325
-878
396
382
-292
-268
1007
467
702
185
-64
-448
-436
194
841
178
541
543
-592
-606
-379
-583
285
609
-404
687
-707
-750
189
668
36
149
-878
491
593
-307
948
311
916
173
-690
766
-971
493
412
-143
983
1
-984
260
-566
-502
434
-700
709
623
-710
-748
857
794
-355
-693
-205
-128
-163
719
-956
-196
1010
692
