-1026
3541
-1735
-2499
2213
-2707
3858
-395
-4032
1142
2169
2009
3821
3405
-86
-586
261
-1487
-1420
1563
-3608
-1653
2464
-2879
3473
46
-4042
-2905
-2817
3148
1761
-4016
-3766
4020
-1298
-628
1662
85
235
2430
2890
1159
436
-2507
-2183
2061
-1199
1872
-3390
1960
3283
-1403
775
880
356
-622
-1691
1987
-1751
-1285
1959
3783
1232
-4027
3355
1119
-385
3393
4010
-2170
3488
3517
478
-3211
-1808
2068
-3747
-2829
-3315
1410
556
-1021
-955
2101
-496
-1139
2968
-972
1970
1580
488
3449
-1307
1023
846
-3101
-866
2344
-345
2690
-525
-729
-294
2844
1790
1946
3976
-2418
-3481
-1714
1778
-1635
745
-369
233
-1931
-2792
-156
-267
1255
-3328
239
405
-300
-2002
23
2733
2328
1541
-473
-1660
2534
-969
3444
1595
-3293
-3805
-4036
-2094
4002
-2254
-3781
-1587
273
615
807
3151
-2633
1936
-1261
-2584
262
3991
2409
442
-1991
2244
3587
-3690
-2863
511
-2486
2916
-3687
3004
191
1310
3786
656
-3196
-318
-3795
2767
-2297
3052
-2572
-640
3130
1985
-217
-3573
2385
-862
1993
-79
-2618
2184
-2960
1508
3218
2227
4028
-2656
2327
-1687
1438
2953
-1951
-1803
-1238
-942
2281
-2078
-3983
2307
-4051
703
-3305
-2949
-3904
4081
1704
973
-2658
-3504
564
-3657
-3478
-3990
-1129
2374
2640
-971
2340
3387
364
3394
2215
-1628
-3048
577
1387
2361
-1777
38
-362
3991
1393
-756
-691
-1785
3420
-3124
-1355
2316
-1693
-3920
3032
-3850
-345
3620
-2205
3710
287
3236
418
-2034
2009
-1281
1719
-3671
2394
-2397
1585
-2044
1943
2638
988
3651
-2622
-2254
3716
2782
-1255
-897
-3564
-2291
-3968
3193
-2743
-3388
-2710
643
86
878
2989
1653
3324
-143
307
-3459
-1514
1638
2247
2844
1877
1485
-4066
-94
2327
2764
-8
-3831
661
3816
919
-743
-738
3820
-3118
3879
-608
-1391
3398
-634
-2457
2850
-3720
-1701
-2464
1253
-505
1721
-282
-132
4013
204
-1185
-1103
-3080
-2116
-1039
-3906
-3456
-948
2933
-1112
-102
-586
182
-3785
-635
-624
1488
-2307
3464
-1913
-1198
-1071
-3234
-2383
125
-1415
-2232
-611
2720
2513
-193
-1079
-768
2153
3714
544
1693
-1375
3634
-2904
-3158
-3986
-2224
3709
-802
-108
1168
2677
-478
-2073
705
-913
-136
3231
-1951
-3434
2262
-2309
3827
1239
-4049
1529
2536
-3059
846
3111
-3654
3950
2216
-3465
1028
1086
2033
-3681
1221
2297
-2172
-2297
3938
3627
2296
2239
2570
1549
1083
762
3722
1306
-1147
-3423
-1716
-3544
1356
-405
3005
1886
-2578
-3060
2123
-1742
-1431
-1223
257
-2717
-3421
-3774
-3670
833
871
2128
1174
985
4043
-708
-462
-1182
860
-2952
-838
-2522
-3618
1204
1326
26
-3276
1977
-2072
-11
2912
4091
-3171
-1173
-3582
-1052
1602
-488
-1679
221
3730
1107
-2402
-3266
-1952
-2399
3997
47
3571
3007
-1249
3381
3539
-3977
1466
32
350
4011
-129
-3132
-2363
-2849
3829
-1241
21
2265
-116
27
-1324
682
10
3890
-1854
3114
-2891
4064
3585
3423
1619
2526
720
-2911
-2245
396
-2846
2263
-1793
3218
-1768
1535
-290
-1722
-225
-3097
1617
-3485
-2222
3174
-1143
-3941
-553
2750
70
1898
12
-2402
840
81
1077
2910
609
-935
-504
3203
-3585
1540
1060
-2389
-2067
-2969
3624
-2382
1303
1434
1546
-978
2548
891
1928
603
-3046
1459
-2339
1142
4039
-2390
-1291
-3936
3141
879
-1523
-2747
3771
-3028
-3637
3020
1680
2599
-136
-233
3756
3647
-3301
-3546
666
-2937
-2186
-2165
1132
3465
-634
3261
2774
2237
1409
2990
998
2021
-1933
-2549
-1800
-693
-2980
1753
3956
689
3512
-2808
1619
-1005
-3420
-3
2441
526
-3496
-2878
370
-1091
2334
3366
3967
2689
-3911
-1478
2351
-367
-2382
1997
2395
-1007
-1503
-2995
-3361
-1128
-2835
3793
358
1994
-3788
1608
-1859
-3718
-2346
-873
-47
2440
1670
-3423
-1330
-2534
854
-2776
522
1386
50
2257
-873
-2055
-3498
3864
-713
999
-3548
-3318
782
852
3987
-2849
-207
-627
3133
2167
667
3130
3055
3615
1011
-2055
-846
-1245
3033
3265
1631
3338
2157
-2096
2754
1104
-294
3491
-3037
-3021
3530
415
2257
1908
3758
-23
-3095
-3132
3230
2350
1300
-1214
-3593
-848
3620
2486
754
-3334
466
-110
2224
-1422
3494
2380
-1590
-421
-4090
-390
-2245
2026
-1012
728
-3318
683
1113
-3912
927
466
-1696
2954
-3481
2082
-915
2967
3710
-834
-1313
2394
-1528
-223
3870
1884
-1278
1027
-1100
-2166
3261
3961
-2624
3241
3729
-2865
-1541
-1482
144
1616
-1746
620
1754
-1903
1533
-3340
125
779
-1942
-892
4000
-2523
825
-420
-1615
888
-1440
-2290
3156
-1952
-71
-1292
307
-2946
-1996
3825
-3499
3347
2162
-1198
-1707
3043
-3595
-2245
1334
-3249
-1298
-1602
-2517
3855
-194
2318
-1741
-3922
-1240
3584
-3110
-1998
3768
-1170
-249
-2412
-769
3153
370
3703
2400
162
-3495
3948
1012
-3587
1872
2636
-1637
2552
34
3434
-787
-4089
-1307
1722
-1526
3753
1872
-1566
2946
-2910
-2547
-2268
-1161
1975
-1592
-1998
-3804
-3537
-1592
-627
3047
4044
-3889
3707
2572
-3463
-3972
-1112
2359
2233
-305
2235
2127
1029
-2839
2742
1940
2613
109
378
-649
-3704
1380
-1564
-3809
-3594
3933
-32
-3409
1588
2718
3942
-2925
-2297
587
-1619
-2420
-1763
1948
-3443
-3028
-1680
579
735
2774
-2045
-2558
-1960
-255
-325
2836
2079
3171
864
3073
-2685
3152
-776
-1982
-3624
3834
-2057
3464
-3683
-82
466
1856
-4078
2292
1956
-1057
-3275
815
-3845
-1466
-3457
-850
-3501
-1340
-3938
-3001
245
2854
1694
1074
2319
99
-2246
1454
-3711
-1273
-30
-396
-2342
2524
-3159
2493
-2192
-3633
2301
-3440
-2743
-2024
-358
2889
-2303
3046
-2189
1769
1083
-2621
1627
3551
-2270
3609
-3700
-1000
-2397
3241
-2407
2728
2100
-2948
-1025
-629
818
2255
173
2169
-703
-2918
-540
-2654
-2847
-1596
3833
-1773
-1908
-2031
-1246
946
1815
-414
815
335
171
-1825
-3076
3649
2183
-2986
-1378
-3758
1288
-2124
258
503
-2175
-4061
3501
413
3553
288
2622
-266
990
2631
-3916
-1559
3987
-3643
-2657
2222
967
-3727
-2487
4045
2282
-382
-78
1519
-3901
3438
-2347
-733
489
2387
330
-3883
2700
1671
-3558
3036
1858
2553
4067
3005
30
-3497
3249
520
415
2788
-3421
-2043
1993
3117
-1239
-3200
-1380
-937
-1634
-1127
2194
4042
-662
-989
-3375
1823
2257
630
-3485
1610
1709
3725
-2372
344
413
-1574
1999
-3955
1988
-3739
-531
3967
1237
2943
154
1254
-1172
-857
1449
-3454
-2673
-375
2454
3238
1083
1613
252
307
-1986
2115
3708
-4004
-156
-233
1966
3469
-525
1120
-4078
3325
3144
2680
-2326
-790
-2142
2357
2179
-2539
3030
-3942
-2365
-1444
3063
1773
-2827
15
-1844
1176
1587
-291
-777
-1388
818
-1196
-2604
654
-261
3763
567
2274
2442
-1173
889
265
-221
2110
3205
3954
3330
-3777
2097
-2712
-2433
-1587
3820
-2298
2055
2357
1726
1325
-3178
2945
2838
-2216
3858
-3911
2232
-123
-810
3570
1476
2701
-1148
2379
3584
-725
3045
858
-2378
3860
875
-4000
-2106
-3677
1738
-3451
827
2649
3018
754
541
1076
1054
-1278
913
1477
-621
-800
-1409
-1547
-3532
2265
2958
2240
1750
290
378
-1782
-3302
769
-6
1908
-3628
-3354
-3090
4088
-1708
-2791
-3075
-2451
-3929
3021
13
1645
-3768
3434
-565
-306
-3956
-1038
371
1381
-3287
2650
1011
2995
-3748
-1057
-2629
2980
-1020
1980
-3565
-1682
-1852
2280
-3750
-206
-3738
-1111
-3863
-1498
-1932
-3180
-1161
2766
286
-3767
2938
3181
4074
-2917
-931
-2574
-1884
1226
-3697
-1070
-1184
1998
2218
432
-1319
-2261
-1457
855
2712
1069
-2800
-120
3233
2240
4071
271
3465
-3506
-2938
4092
-4041
-323
-3604
2839
855
1767
-3455
-147
-3233
-1331
-1602
-273
-3872
-2558
3621
-2876
716
-873
281
2444
3524
-695
2002
-1381
3230
253
219
1707
209
2710
2725
3300
-593
3666
-3790
2011
-2130
-2007
3550
1176
2004
-3421
1955
2220
1202
1898
-2325
-3273
1181
-3793
-761
-4094
-320
-2928
1297
2458
1438
-1430
-2816
1462
388
3850
-367
-1536
1774
-2424
-2942
1331
332
-3036
-171
-835
-3182
-907
1819
-1825
1633
-825
-510
-3549
3595
-723
-204
1608
2217
2165
-1947
-3998
1170
-2936
3178
-1102
2244
-2717
193
942
4048
2133
3720
-692
194
-135
-1762
-3175
-847
1827
-2681
-645
760
3584
-1437
-645
-2097
-1545
-2424
-3563
998
664
-3736
-1598
-1759
-416
-2258
1175
328
-3972
-1094
-3154
-3300
-817
-2840
151
-3983
-2504
-559
14
3431
2663
-1492
515
-406
-3586
913
-596
-3248
-1746
-1697
1736
2713
1111
150
-1495
-1556
1078
3901
-773
-1985
1711
2909
-3015
-3720
4054
2564
2906
-1838
358
1047
-1473
-1915
-1556
49
-1931
2593
-836
1854
-3468
-421
2801
-1025
-71
-1533
-756
-2282
-1088
-685
1822
878
-2768
-3300
782
-3359
2538
-3580
-2670
-2854
-3373
3170
-2873
2262
-1458
-2510
3681
2937
-2763
1861
-3201
-3699
-810
2886
3693
2126
1936
3003
-2557
579
-21
-3199
-2381
1960
86
498
-851
-834
-3285
1045
-1269
-1757
-276
-3919
-1835
2752
3491
-1463
3895
2824
3150
3173
-3424
1566
-3632
-1400
-1687
4011
-3823
700
140
3418
-1211
1311
114
-896
3362
3169
3982
-1207
3250
228
-1670
-2804
-3977
2959
-2860
-3652
-3067
-986
-906
2349
1856
2862
2061
1165
2582
-2057
1536
1553
-174
1438
-2697
3010
-1861
754
-1783
2940
-430
1286
1680
-3708
3844
-322
2435
-2701
2291
-1549
-1037
-2562
364
1569
-2324
-1690
-2120
1151
1331
-3967
-2432
-2363
2069
3382
1011
-1157
1298
-850
2940
3809
2833
3923
-284
562
1741
-2695
626
-850
-1931
2960
-971
-895
-3741
3932
-70
-3753
-953
-3761
463
-2854
-660
-2283
2416
-3982
3269
3195
2867
2413
1740
-1001
1799
-618
144
-3990
-510
2812
106
-2456
36
2774
-1092
-3449
1868
-2376
4016
1323
-4037
-376
-2224
692
3019
-3904
-408
1551
-511
3750
-2103
1467
-775
3484
-3126
-2415
-2652
-3152
3061
3514
3253
1013
1490
-11
-2795
-3605
2769
678
724
144
777
-2821
-1254
-113
-1626
-2204
-2853
-349
-1686
2249
-26
1188
-2734
2244
-1932
3213
-851
-2042
-3816
-2324
1686
2130
-3650
-690
2840
-1626
601
1565
584
-2699
2101
1129
3755
-961
1230
726
3718
3359
1240
-417
2893
-2850
761
-2734
-33
-3861
3154
991
-4065
2193
-1142
19
-1680
4037
3331
2904
2401
1527
1978
-411
-1503
49
-1070
3374
-2993
2238
-296
-804
1539
801
-1104
-2903
1268
2572
500
1161
-3160
2564
-2251
1174
3314
-1187
1574
1491
2738
3889
1901
3252
-3031
-2319
-617
1438
-595
3912
1748
-3994
-308
-481
3077
900
-168
-1466
3390
1143
-2351
-1760
2847
2650
3104
2192
3457
1723
-3176
-1552
-81
3877
3146
-2320
1869
-669
-2830
-3093
1531
-928
-18
-1295
-1115
-3145
-1128
-2353
-3053
1459
-3381
-447
3147
1279
-3545
-3463
1924
1519
3417
-1322
1738
-632
972
-4075
-1023
-2033
1122
1462
-3597
2055
3019
4027
-1718
2790
-169
1476
-387
677
-997
-1288
2096
-2328
1706
3392
-2436
-157
-2773
2207
1539
-1435
917
-3616
923
-2663
854
-3940
3177
2073
-1867
-1994
-2720
-1567
-2240
1793
-579
-1391
2044
-2800
1109
-792
-1222
-818
-2809
-1090
164
788
1140
-185
2033
-3063
1112
12
1270
2028
-83
-246
-3458
1609
-3955
-2752
-1688
2907
1799
-2112
976
-2348
1437
1148
-1076
-990
-1902
-2464
2301
-3435
-2677
-2184
-1535
3097
4089
-3070
-2192
3057
-3682
-2241
3286
-1821
372
2356
167
739
3787
-3113
-3919
465
3227
785
-762
857
-3952
1011
2233
-139
3023
-1184
95
-1939
-750
1014
3071
-390
919
3526
922
-2031
3385
3921
1779
32
2459
3897
-3139
2342
2696
368
-739
3874
-1934
3341
-3591
3635
222
306
3424
-2708
1555
-247
-153
-393
1849
-425
1519
-151
3507
2215
672
1786
-1119
-2897
-2432
-2235
-4019
490
975
-2926
1644
1317
3555
2522
-865
-1873
-2395
2432
1657
-3962
-2743
-3980
488
-2742
-1258
-192
-829
-1971
2977
-3255
1038
-1284
-597
2852
854
2247
-723
-2167
-2506
-2675
-2386
-2572
-280
-3504
-844
-3004
3696
1219
-3908
-2451
2693
167
-2734
532
3148
-813
1978
-558
3832
1420
2629
2462
520
2427
3657
-999
-1385
1576
-3501
1168
-1220
-3991
1271
-1361
-419
-1588
-3109
1183
-3636
3961
297
1357
-2031
-1706
945
3989
-760
1268
-242
-3038
-1314
3710
-485
-3956
-312
-3223
-590
2292
-3417
-4057
-2777
2432
-3738
1472
2233
-546
-945
3874
958
1456
3460
-1879
1068
2575
-4075
656
2390
-2198
2693
1917
-4085
-282
-2623
-2365
-3795
-755
-309
-3113
-2711
1766
32
-1350
1416
359
-3123
844
643
-4047
1188
-2752
-2042
-4047
-2046
3728
-561
-3351
-3822
3016
58
-1155
-1555
2198
3127
-1368
-370
1106
-3532
-668
26
-2144
-1700
-1180
2005
2568
3475
-1149
1627
-3132
1401
-877
-429
88
-3041
-1348
-1058
3654
795
-88
-839
769
-2283
1153
-1170
473
-595
-246
3335
-890
1092
1252
1634
812
-1549
1134
-3556
-2608
-3822
-1558
3951
3467
3383
-1475
4048
-806
507
3194
-2869
474
810
-2711
3512
-2014
889
38
1508
-1195
-3123
3417
-939
24
2186
3587
-3129
-1282
-1574
-114
-1121
133
1604
2754
-3677
-3908
2523
1684
3358
812
830
-2408
-269
3803
-3587
-2834
1949
2622
-3140
-2570
-1134
-1330
1517
3024
-626
-2227
44
-1320
-133
-2157
-848
-237
-3863
2254
-45
-1533
-3112
-741
-1781
1312
-3507
-3863
-4079
-3865
2114
3837
2821
-1663
-2839
1400
551
-4063
-1700
-100
-379
1792
855
3341
2647
955
940
3628
675
2255
1018
-2302
-2493
1136
-2979
3579
2648
-3148
-2835
-246
-1408
-2053
1897
-2014
-2781
-1991
-3829
1272
2468
2323
-3644
613
3082
-1604
-2058
3208
3051
-1719
2751
-3425
3907
-1140
1519
1770
-725
-1242
-1804
-2470
1520
2611
1828
2949
-2889
1635
209
-2981
2286
-3660
-2437
3696
1332
3436
2697
3926
-1788
-3699
69
303
-3124
407
2903
3354
-3413
-802
-157
821
-1244
-529
-1971
-4062
-2801
3279
2122
1733
-1425
-389
1433
-1326
-2566
2506
2531
-117
-3489
-3621
1006
-1028
-3157
-2582
3794
-2335
-2360
1355
2371
-449
714
-3566
-2186
-2924
-234
-2944
-1941
952
87
2186
-3754
-908
3149
1716
-849
-2267
-1024
-712
-1324
-694
-1990
2800
-3514
838
3191
3387
-3450
771
-2464
3928
-557
-781
3836
-697
-1034
-2624
-934
2860
984
3954
-2627
2928
-3446
388
2092
-1031
-2320
135
-3306
3126
2224
3269
2982
3510
1636
-4046
-2519
2148
-2482
-3683
2758
3128
2431
-3043
0
-1885
3727
-1286
-3093
2484
-4069
801
1216
-265
-1390
81
471
-1035
2377
447
-2056
505
-3391
-205
2491
-3022
-1027
-861
-2676
-1846
-979
23
1041
256
1041
-1699
-3036
688
-3995
-624
-3582
760
-3373
-2757
-2748
-1924
2435
1082
-3006
-2799
-2042
-3048
2607
-3314
-534
802
-3488
534
-3183
-622
3799
-1468
399
1519
-3889
-3357
626
-2818
-1950
1644
-1878
2506
4008
4035
2236
836
-3109
4077
758
-2817
1724
2388
292
1487
3147
631
-1482
-2200
-2082
-395
2701
-2161
3535
1126
-3643
749
-1926
-3621
152
-365
-49
132
-38
2926
376
-2342
-456
-696
-2549
93
-1670
3368
-3980
1719
3907
3335
3081
-1391
-1704
1143
3543
-1061
3892
-3895
-3580
346
735
-655
-2513
-655
363
2184
3361
-2467
-3797
3049
-2999
-3149
-1772
1045
2841
-2411
1010
99
-1345
1751
-648
-1057
-3415
-883
3039
2265
-3947
642
171
-2880
3079
-2492
-166
-3517
-3345
3220
-1012
3906
-3707
-3447
530
-497
-2935
2005
2827
2022
1985
1804
-3009
-3663
2397
-2155
-2969
3740
2659
1135
-613
3571
2772
2559
2270
-3314
904
2311
-2247
2076
-570
-3958
-2101
-2024
-2599
-3854
695
-2664
714
-876
1613
3144
-1117
2334
3238
3913
450
3252
-3283
3216
243
-902
2208
310
598
1811
-1281
-632
2219
1666
3281
1074
-1164
2186
-1410
-2137
-186
-2592
2509
1221
-4089
1222
3891
3672
-725
3377
2726
-3641
586
-145
3038
3650
1225
1523
-952
2746
-1680
-2219
-1727
-3490
3038
-2362
3127
-1463
-3639
1613
-3891
-1710
3313
-659
1881
1115
-3279
-940
1034
-3363
3106
-1645
-3537
1754
620
1565
-439
-1436
-2412
-3923
-1405
3758
181
-1499
938
1192
2395
-2086
1849
820
3112
2885
1565
-3209
2321
79
3978
219
345
1280
-2484
1231
-1214
-2620
-3062
1437
1730
-1534
452
-3178
-3683
-2404
2999
-3630
245
531
-3286
-3512
984
3468
1381
-2029
-1036
-2311
-115
-166
555
3268
1097
2803
3616
4071
-1001
3211
1428
-1936
-3393
-1825
-3433
1822
1434
-3250
-463
-1447
-1129
2903
3489
-3457
2271
2380
-1060
-2413
-90
690
-182
-2975
406
3605
-457
-2430
1111
2236
21
-899
74
-1895
3500
1491
-354
-3018
-598
2153
4028
-1874
-2620
1975
-1446
140
-1713
-3759
-222
-2921
-1771
3218
2498
2663
4038
5
2383
-263
-2087
-543
2355
-905
1722
-1760
2128
-1571
-902
-1929
2834
2400
1217
-2651
188
412
1057
-1714
1638
-3385
3188
-1208
1634
1024
3473
-1840
-3450
-892
-2550
-75
-2361
-919
-1442
-2735
1156
2344
-3073
-1469
2237
-3148
1351
-3826
-1038
1276
69
-2231
1839
1753
-1687
-2266
2417
3093
-4067
2007
2960
-3823
-1952
-920
79
2483
3547
2578
3769
476
629
108
3256
-345
3668
1340
3412
-2747
524
-163
-1767
751
3264
2509
-3566
-202
-1631
3145
-3512
-4019
1747
1520
-2331
-2332
3838
-3459
-1045
-2727
-3445
3151
-29
-3014
3663
-2452
-1458
-2067
3639
-173
-3758
-635
904
913
-113
-2163
685
2377
-475
-2375
3359
-3122
-3107
-3927
585
-429
-2510
3748
-1063
-1268
110
-639
553
1511
216
1071
-522
-200
-1190
2183
-37
-2023
-3677
-1866
2240
-1821
-2470
3147
1380
4052
352
-1075
1124
407
-1308
-4090
-1108
-3892
-3692
-1334
-702
-92
1519
-2100
-3801
-400
-3084
-932
-2751
-2428
-3930
1308
344
-1632
2768
1777
2025
-2546
1012
-2347
-2608
-775
127
-1709
3046
-2842
-2464
3823
1159
-2748
-229
3301
2299
1702
2303
4029
-2701
2411
2415
-1611
66
-151
411
1242
-1238
-1402
-325
3722
2360
1840
-1282
1382
2482
-2716
3818
-2168
-588
-2319
2197
2571
-3457
-807
485
-2310
-1761
-3412
1829
2932
-396
1017
1784
-4003
1408
-3372
1693
-2945
1725
740
89
960
-3105
799
975
-1054
-1187
-1489
-1161
-1248
-3624
2079
-2372
-2275
-585
-2211
-1969
-2526
-3448
-1817
-2960
-1698
-847
-3023
488
-481
699
-1237
-3490
3072
-2431
654
-263
1284
-2409
-4038
-1877
1325
732
636
427
-1237
3678
102
1891
3052
266
531
2791
-145
821
2378
1728
-1326
3955
3681
3079
1412
3296
1638
-593
1318
-205
-1389
3665
-4
1623
3088
-1989
1716
2280
-2134
-2123
-3925
-965
2415
2062
-2418
-1486
-1167
-1246
1445
-3554
-2125
755
-3296
-1046
-203
-786
396
-1500
-3310
-2448
1734
-1343
894
4074
1363
2777
884
-3233
-2472
-1420
-3352
2708
-3957
2464
-3675
-707
656
-120
545
3890
3630
1301
-2009
504
-622
3061
34
-3627
-1785
3067
-2813
2679
-1729
-923
2897
87
-3290
2850
-1826
1588
1182
-2327
2226
1112
3854
-1281
-3857
1944
-2663
3765
3586
3895
1144
3983
-1908
-1323
-2029
211
-1413
-75
-1406
3743
1220
-2659
-363
1251
-2085
-2633
-3701
2104
-3996
508
-2982
2088
-2043
1471
3520
522
-2709
-432
-1413
2926
2735
2632
3984
3853
4068
1717
-986
3254
-1874
-2383
1747
-1943
-1990
3434
4060
2806
-3728
943
-1983
3405
-966
-814
737
-886
-602
-3909
2079
-2711
-37
-3377
-217
2700
3430
-3467
-247
3273
3803
-3166
4060
3055
-3226
-2917
-530
1182
-3581
568
2552
3648
2815
-3204
1700
-180
-2372
-1852
-3303
-2904
-3680
-3642
3257
-681
1193
-2444
-421
-1535
920
-2203
3024
-4028
-1634
3638
2595
3275
75
2294
3551
1978
129
297
-2323
3787
2476
1768
182
2705
3484
-2658
597
68
564
4004
-1242
667
2213
1923
2796
3684
3509
-2581
-3057
1411
3438
334
-1812
612
2764
2395
-2407
1283
4026
964
724
-3903
-1910
3828
-3578
3317
1118
-2860
4053
1210
3992
-2633
-2571
2827
-3026
1131
249
3888
-3326
3030
-668
1633
1807
-620
-3869
391
1339
1973
2844
-2315
401
-1428
289
2809
745
-2329
-3995
3200
-264
3472
-1555
-3803
2791
-2709
-2386
3313
-279
-3437
-1866
89
-3893
4024
-2284
1404
2853
2586
547
-3206
3974
-781
2748
955
-643
3596
-2446
-1024
2007
-1941
4081
-2744
29
3150
3528
-3914
4080
-1575
597
1664
2827
3750
-754
3421
-1631
2957
-515
359
2840
1120
1675
1583
-1537
296
1592
3375
-3124
-1501
3707
2544
-2093
-2860
3011
-3153
2633
-4028
1116
-1872
-577
692
32
-2493
3000
2939
-725
-3854
2792
1330
1742
-3464
-565
492
-816
238
-436
3563
901
-3624
-1859
-2417
3854
-1306
-698
-163
3024
-2719
-2927
-1174
-1479
-1041
-2343
2383
-2469
3050
-283
-2817
3547
2593
-2665
2589
-2287
1087
328
-766
-3674
-3723
2315
1071
-3922
-922
1397
-152
3767
-997
1405
3930
702
-714
3182
2838
-3287
-587
-379
2196
1683
316
2761
3928
-3213
-673
319
-118
1428
2052
-2313
3276
3259
-3011
-1425
-3845
133
-2093
-533
-1232
2755
-172
2413
0
-1122
-260
-2847
844
-3303
-1554
871
-3741
1368
3899
-3663
-1551
2941
-1301
2013
-1003
-3354
2475
704
-21
3078
-544
-2878
-858
1927
-2051
-1697
3817
1229
1800
2324
-2281
4067
3688
3979
-588
1188
2815
1322
-120
-239
-648
1677
2478
1392
2052
2985
1203
-898
-3633
409
-3744
-1257
-1568
-2041
1733
3860
-120
-2751
252
2780
3764
-2542
-530
-1667
-127
192
-3673
2238
-4029
-2834
2463
4048
-4039
-1085
-2751
-2500
1439
3291
-291
2037
2938
-193
3679
3661
-2615
-1183
-901
-3566
-3839
1040
325
818
391
3734
876
-1101
-3904
2235
3726
3005
104
3229
-1228
-1850
-3255
-3465
-2335
1249
202
-3409
2562
797
-1708
1763
-737
3585
-764
1846
1321
-2963
-2492
-4062
-2521
-3458
-2103
-3801
-3185
-2940
-3535
-2136
1279
-1017
247
4036
-2465
2050
-1141
1592
3231
2289
3725
1808
2497
3612
-1260
2113
-3278
-487
-1899
998
3332
1129
-968
-4039
3676
1342
-130
2024
3803
469
-3192
3506
1617
1804
326
3784
1755
-4035
-3539
2827
-2114
2328
3224
776
-1796
-3898
-3828
-3267
-3207
-770
-3778
3095
-1276
64
-2916
3838
2966
3178
2327
-930
-1104
920
4041
2186
1067
2589
-3414
2186
526
-1313
1047
-280
-3126
-2011
-3318
-1384
3674
-1163
-2397
-2676
2209
-118
-2758
2122
459
-2631
395
-1423
-2274
-782
2280
1823
375
1382
2239
2141
1131
-1879
-467
-3078
-3341
-2433
428
-3161
-3196
-103
2013
3239
-816
-1065
-487
3407
1369
-1412
-1096
2764
-2007
-4077
-862
1042
2989
1343
-3072
3296
-1011
-2848
3472
3116
-3351
2582
-826
693
-2352
1173
3817
-3177
3361
3617
910
-2131
-3083
-3419
-3043
-3204
2872
-2650
2941
-2436
-4017
-316
1728
-2353
3917
3332
-596
-2652
-2250
-2042
318
3496
2841
2793
-1297
-2884
-646
861
2597
3368
993
3149
-3971
-1172
3680
3324
-268
3093
679
701
2923
-3195
-2690
-1848
-3175
3610
3725
-1661
273
-1630
-1951
3856
3583
1234
548
-2142
1424
2945
1203
-1210
1818
355
-3387
951
754
3518
-3440
829
-2036
-3093
-3998
1961
-2382
1345
-1508
-3867
3279
677
-2143
2135
-114
-1506
-740
2386
303
1265
2524
1533
4037
299
-1338
679
-197
3092
2984
1141
-2689
-2558
-887
2110
-2232
-1397
2506
1470
-1712
-3896
1840
-3572
-1835
281
-3700
3822
4069
1627
-3133
-2052
-3017
-1930
-2283
3874
-1074
2950
57
855
898
2615
-2558
2797
-530
3392
-4066
837
-701
-318
2071
2884
-3770
1963
-68
1623
3954
1469
2484
852
-499
2582
-1497
-3456
2090
1087
3870
-3211
1613
-3275
-3897
2647
944
-2076
-191
2348
3077
1159
158
-2676
197
-2314
-3638
3515
-2509
2836
3496
1970
-1409
-3774
2879
2291
2860
2338
3970
-1171
-586
-43
-819
1284
2157
-1543
-1413
-1902
3464
326
3606
-12
-1972
-1293
3270
1917
1854
3985
-1423
1906
1199
-1041
2866
1338
-428
387
-186
-2310
2750
-4004
1972
-1685
3786
2403
-2748
-597
-3662
2463
-486
-572
-1370
-854
1358
3714
-2671
1937
-1351
277
-1101
-2154
-2894
-3701
-294
798
1774
1695
2329
-604
-1617
3700
-3844
740
-1068
2141
-3699
-1923
-2951
862
-3596
4025
3030
-322
-78
855
1148
-1889
2001
-1996
3647
-1143
240
1652
-498
2340
-79
1273
-3895
277
-2522
1573
-1591
471
-1996
-2567
-2508
702
-2681
1844
-772
-3178
-2359
3961
1952
2035
1274
-4049
-2975
-2362
-2892
-2423
-448
-4054
-1383
2212
-1891
-3007
1651
2312
-3014
3981
3861
-3057
264
3616
2157
-365
-972
-1638
-2126
-414
-1050
-76
-2197
2208
-2640
-1307
-1932
