-1223
774
-790
282
-1154
-1741
-1223
1556
-871
1681
-1962
1965
39
4070
1317
-3446
336
1159
1368
-1415
-438
754
-33
3514
1368
3427
2828
2905
3188
-1446
-2148
2950
921
-3610
-1455
716
-4086
3555
-3780
-927
4073
287
1554
1578
1975
1056
-3821
2512
4019
2935
2956
3272
-1026
-2970
-1608
1763
60
296
-1146
2261
-802
-3149
-3227
-1173
-3591
-433
3665
-1303
-2340
-1306
-4075
1439
1024
-1655
-3609
1196
-3138
-843
-1814
1324
2029
3762
1367
-2194
1146
3561
2474
1166
-2639
-1574
2641
2467
-3020
3953
1231
-2048
2939
763
-2683
-3919
2361
860
192
143
-751
-887
391
980
-2569
-54
2018
2964
3817
-1073
2588
2138
184
1594
928
-3207
-3454
976
-3352
3161
-2793
-1529
-1221
1577
29
3347
3546
-3472
292
10
2707
-2900
-3215
1814
1736
-201
-4094
-1148
2129
2162
1280
-680
-2803
365
-1026
219
-3593
-1702
-2899
-1089
-300
972
-3021
-1519
751
-3213
-999
-2762
3950
2801
3504
518
-2044
1618
-1641
-1387
3998
-2241
-384
3978
-3345
-3167
2892
-4050
865
-3627
-1680
-3275
2269
-475
-3505
1757
-126
2234
3662
1646
-1115
-3160
2550
2658
1774
-3689
2238
3082
3666
-227
-1324
2386
1886
1960
2641
267
227
-3668
2446
-2098
324
-3578
-464
2975
2025
3109
-1090
-703
1923
332
2174
-129
4027
-1084
-1932
2501
-777
-724
-451
-1275
2805
1730
-1687
-2775
-1001
-4079
3706
1482
-3910
1918
1652
-4003
-2306
-3671
-234
1138
-1139
2838
1205
-2341
-528
-1287
-2437
-3776
-1239
-3998
-1922
-1224
-441
-2890
-1650
3715
-2800
-1519
3975
-2117
-2090
546
-2077
-2683
1826
-2111
2394
-3881
-39
3511
-2608
382
-1491
-1223
1666
1778
2648
92
-2551
-3945
-1264
4030
1199
-2398
2395
-2927
847
-2221
1115
3709
-2688
-2442
3715
1869
-1213
2452
-3678
2039
-2106
-2020
-2154
-1313
-65
1244
2882
-3961
2248
-2714
-745
-4038
2205
-339
-685
-2569
-2720
-3197
-1344
3780
-3949
2589
-1785
-114
-666
1805
3316
-3370
-46
3213
1993
3523
-2179
1396
-3039
-837
2009
1531
-1785
-3732
378
-3864
3189
1023
-2752
3967
-1826
-1267
-1923
-3433
3744
3758
3600
1357
2839
-3742
-2435
2815
2552
-667
-3979
-1858
3934
-1619
-1693
2628
-1130
2999
-3484
1925
1254
-1349
-985
-1121
-3908
650
-2327
-1405
-1538
-3927
-3981
-477
653
1651
3737
2270
-1051
-488
3688
-1477
3397
3196
-541
-3794
-3530
-1215
1988
336
1072
-2684
-1467
1608
381
458
3705
-3474
-4063
540
3080
2588
3864
-1834
1399
302
-61
3185
3844
-4046
2794
104
-2344
1314
-2057
2820
-2093
3555
-1019
3617
3464
793
2810
958
-580
-2689
1317
-1681
-2275
1877
754
-1277
-1913
-612
2031
1254
-4054
-829
1930
1231
2697
1788
2617
-3580
-2369
-1033
1962
-1875
-3048
2711
-2622
-2382
1916
1252
904
2260
-2308
3519
3422
-1627
-268
723
875
-2009
-991
810
-493
-2097
2309
-2160
-1737
-2718
277
-780
-1049
-1299
-971
3548
-525
-1674
2086
-1033
-1582
893
-2384
3008
-3379
4071
3771
-3260
3162
-2042
2485
1885
-2955
-431
-1948
-3525
499
3325
-3376
-2909
-3867
2220
-3640
171
1847
-2744
3707
-3247
-4093
-3512
-1048
-1380
-3264
-335
2847
1108
2032
2065
616
-187
-354
-2699
3465
-2533
1434
-1311
795
-4029
-3301
2507
3512
-574
-2847
3025
-781
1830
-2048
1101
-2285
783
-1488
2105
-690
2246
-2307
-1947
-177
-3172
1065
2392
1218
2982
560
-587
-3622
2468
3465
-3297
-2516
-4050
-2104
-2450
-326
-1210
3629
3238
-3728
4018
-2112
-3038
1880
-2652
-1888
-1308
3300
1035
3163
3590
-917
785
210
1201
2052
-35
1633
1706
-389
666
-2115
2586
-3236
-2628
-3011
1696
2826
282
2410
2878
2607
435
1892
-3657
-2404
-462
-2201
1743
-2574
-3644
-2397
-1322
-3727
67
-3088
-2407
1763
1744
-888
1840
1533
-3715
-1255
980
-1637
-1223
1774
-1065
-53
3446
4078
-646
-504
1305
3696
-588
1352
-773
1570
-2341
-2282
3146
2013
-1365
-1248
-1113
2473
-2975
-53
273
3330
-788
1068
-3194
3314
1750
-908
1461
915
-893
-3542
3393
-3765
-800
2457
-3472
-1934
2278
-1725
1545
2816
-2445
-4095
2551
-2637
3078
1354
4003
-553
745
1781
606
286
2623
164
2956
-3368
-2610
-1115
-186
-413
-1741
-1545
2790
2356
-1012
3657
3758
406
-1860
-2357
3552
-2025
901
3131
-2797
256
1215
-2091
-3899
-3444
393
2434
-2854
-2340
3412
1338
2231
-838
2407
-124
-3417
1551
2182
445
-3994
-2801
-2799
347
-3981
-2175
-3289
-2069
-2780
-461
2780
-2201
-966
2637
3299
1037
-2875
-3488
-883
-3136
2427
4065
633
3045
849
-410
-4092
-1634
2267
-14
3257
571
795
3615
3799
2446
3872
-3751
-357
3823
2111
-739
2748
-3070
2548
-2390
-41
3745
2926
-2514
-1825
664
-3279
-2010
3019
746
-1875
-3143
3858
-1448
1106
4019
-2704
1983
2837
-68
1265
2167
1051
4084
1820
1009
-2219
127
-2174
-195
1318
332
3787
-1461
2717
-3095
2261
335
1248
-3286
1058
2668
-256
-1163
275
1615
-1477
-1519
166
3696
-413
-2770
3862
-1890
3428
-4083
1281
-3668
-1354
-3968
-2093
-3222
3434
642
3626
-2388
2938
2618
71
-3719
-1494
3890
-2265
216
-101
1153
1575
-1669
-925
-418
2554
400
-3868
5
-3431
3342
-3334
3604
-2502
-1027
-3909
702
-2459
-2302
-586
3841
-1430
-442
3163
-1045
-76
3328
3428
-818
-2562
-342
-4025
3764
3415
-1677
595
3047
1567
-3228
-3936
3134
470
3327
1107
-1637
-1894
1949
-3024
-115
3588
-2250
3215
-2114
-594
1322
1424
351
2726
1697
3727
3407
-1218
3348
-2878
-2491
1160
-2458
1846
967
1723
-2874
-2649
-946
-2807
-1017
1881
-3963
1589
-3247
-2583
2742
-2287
4023
-1581
2477
3183
-2355
385
-3016
1848
-1535
266
2734
522
-2227
-3527
-2752
1978
1755
-3574
2767
1391
302
232
873
3256
1714
3810
1282
2237
3341
287
3386
-582
-1728
1181
-2722
-1426
-253
2247
3738
-3534
-834
-1709
3485
-1530
-1519
633
4083
-1855
1275
-2115
1514
-2927
-1103
2894
2486
2103
1485
1340
-3663
-3606
-593
-1897
1358
2296
-2693
2535
-3857
1879
-2445
-1611
-3009
59
-3430
-1274
174
4085
-927
1348
-1542
822
3960
251
628
491
-2807
3908
-1720
-2120
1271
4052
-82
-2213
-1831
-3294
3109
3514
3378
-2600
-1800
-2984
-1097
-2232
-2668
3871
-3650
1289
3773
645
-2967
-787
3960
-858
3970
3153
2453
2186
743
2271
-579
-3255
-1779
3866
3950
-2965
-259
705
-3957
3365
926
-1410
369
2834
3919
427
3057
535
34
-2196
721
2709
722
-1103
883
320
-2795
1093
1231
180
842
1456
-194
-543
-2297
-117
3805
-3998
2146
-1016
-1377
742
-3066
3241
-1668
1255
4030
-2313
607
357
1499
-1826
-3302
1641
2733
-285
3993
-91
-2863
-3165
-2659
2945
-3036
2721
-4018
-2451
3554
-2631
1909
16
2833
-560
1328
1597
3985
531
991
-1045
-543
3574
2749
-1888
-2110
-871
-599
-469
1188
-2066
-1681
-2613
234
22
-2525
-1156
-738
3535
-2563
-1599
-1750
500
-3358
-1685
1998
-2967
3318
1154
533
-681
2244
-2031
2471
2374
2797
-1515
-2347
-2800
-2984
-2060
-44
-471
-2416
-2819
-2802
-1911
-1242
-3933
1317
-556
-2088
470
4087
-1949
3660
-3863
-845
2972
-1863
-2114
1100
-1521
-3872
1961
3570
-1113
493
-1902
-758
3461
-3765
4028
3466
3775
-503
-1803
1723
3947
-587
2593
-233
1623
-1194
1212
3282
-2275
-3805
-3466
-1015
-312
-843
3123
1344
4065
-690
-1992
-2173
1650
-3046
1224
3439
-1087
1611
-2227
3603
49
560
2916
2050
-3836
1352
3664
1252
2797
4081
-2434
3425
2477
3979
3566
3148
3836
2692
1517
-1446
-3387
2989
-2228
78
348
-855
-3487
2209
1124
2477
-1483
-115
-1142
-3880
-3454
3916
4028
-1605
-2955
-3091
1746
1991
35
3006
-2196
-1754
-2917
-807
-581
-2622
-1821
2685
-1155
-3914
-1878
-3319
-2760
667
-1318
-3954
965
-3098
3482
-3845
-400
-4003
-717
3974
2787
-1887
2606
99
2324
4065
343
3061
1441
-1094
-1872
-795
3214
397
-3294
-1708
4068
-2556
-610
-3849
3421
-2481
3647
977
3509
-1819
-2915
3557
-3316
1869
-133
-405
3076
-2685
1520
2525
-2161
513
2356
2704
-3562
3054
-3042
-318
-2373
-682
1668
-2612
-4048
-239
3640
2317
-3674
3418
225
3703
-2454
-2072
-1080
3664
-482
1864
1337
2799
-1582
-2761
1707
2831
3812
-3220
-84
3728
1393
3939
4095
-1831
-3757
-2631
4076
-2287
278
2688
-1934
-3271
-3577
1592
-1128
-2103
-2929
-899
1358
-3409
2330
-2018
3280
3872
1162
1447
-3888
-652
-3019
2934
-3469
-2572
-2888
1135
-2107
-1171
-2394
-2652
3399
1040
797
-3563
-3110
-3958
-2363
2084
-3737
-4040
4033
-2681
1528
2385
2945
-1404
-3370
2715
-836
660
2301
1884
3318
2305
-433
-1393
3329
2414
-3830
588
1645
833
-341
990
-1634
1027
-2172
-407
2784
-258
-866
-3588
-1630
861
2610
-4044
3441
-1079
233
863
-3720
-1706
-706
3191
731
-2612
-1005
1697
-4010
3999
-4007
2685
633
3039
-1738
2734
-1697
-3160
2459
-1798
1609
691
2418
1153
-850
762
-908
-18
3115
-2409
2863
-2121
-1392
-2869
-3440
-2945
-886
-3567
1929
1541
1681
-3541
-1654
-35
2520
1432
3492
-1753
642
544
1097
-940
-3030
-1192
1036
-3644
-941
-1210
-2553
3269
-3690
-2265
62
3875
448
-691
3812
-3529
-2042
-3611
3359
-1699
2152
2799
-60
-1587
2578
2741
-3775
3345
-2843
1673
-1571
-1210
1732
-2596
-3884
1199
-3110
-2550
1876
-2824
3894
-2999
-3989
-3700
2189
1200
-2385
3279
-3136
-1017
1979
769
-2119
67
-3361
258
-265
-2636
-1410
-2895
3519
-3265
2410
1829
131
278
-967
3104
272
2986
-1968
2697
-2405
-2392
3478
3320
-1191
-613
-841
-955
1193
3083
2282
1151
1168
-2091
3285
1273
1930
1314
762
118
-3027
-1459
3174
745
3648
2432
1824
-292
3624
2032
-3076
312
2876
2223
2165
-1495
3072
869
-1273
2423
-1346
-2660
-247
2067
-1240
2589
-3310
-1131
431
1632
1599
-3693
1986
2727
-2080
4084
1813
2501
1505
-1836
-477
-2966
-3230
1781
-3356
-2162
2444
-1436
2225
-3593
-1121
3635
2134
-899
-2514
-2289
-3064
-2682
1161
-1763
3780
-1282
1588
2463
-2785
4022
1446
2744
-1507
-3124
-2282
-2916
2477
3448
1869
4060
-945
3681
3964
2251
-4009
2463
-1644
844
-659
-3076
1190
96
-3398
-3210
-565
2724
325
-4044
-262
2847
-282
1534
2326
-981
2252
-1832
1857
3014
-1377
2330
1206
3453
-3267
-1725
-1505
3704
-1690
-3713
-3522
2907
559
-1024
2571
3575
-2070
-1795
-2767
712
-458
-1372
-2913
-3751
2124
429
3967
3228
3979
2847
99
2307
-40
-1350
-1159
-650
-404
-3581
3004
3826
2508
-2582
-3495
2810
1870
-1736
-3887
43
-4051
-2639
3456
-2732
-1216
-3083
1357
-1156
-2972
2149
-1356
-1653
-2424
-1100
-3337
-2047
2537
311
-3879
-1662
1164
-1124
-3462
-2290
1923
-613
1206
2411
1560
-1750
-559
-4094
291
-897
3352
1074
3209
-2941
384
-818
-1479
1491
-3698
2220
3318
1964
-3671
2877
2271
4036
-2238
-1947
3214
3928
1927
1809
2082
-1996
-3107
2847
-4090
-2110
-2677
-3531
570
-2379
390
64
1022
3106
547
2260
-25
218
280
1366
3781
3939
-272
3215
2750
-3650
1729
-2649
3611
-1606
2479
2692
4027
1541
-1880
-486
2287
-3929
-3704
3401
451
1402
-2575
-837
1615
-2153
2213
-2503
3659
2356
2855
3010
3171
-3606
-1795
-1041
-1771
332
2399
-2341
3612
4013
-1147
3874
2368
2154
-880
2173
-3911
-2735
-499
3858
2124
2521
1263
346
-1164
-2508
-2683
3021
-324
2082
2148
1160
1843
-3575
3575
-517
3431
2032
3804
1377
2642
-3183
-2076
2185
3188
-3605
-331
-3205
-468
421
-1925
1551
3976
-1858
1866
-460
3024
-1641
1656
3405
3998
1989
-3583
2408
-3782
3998
-3768
2871
-941
-3237
-3868
3219
-3245
-3801
-495
1554
-1928
-631
-546
-1370
1773
-1844
2727
-999
1253
2380
-3838
-3822
2268
3793
2542
-3161
-699
1790
-2736
-1477
-338
-1859
-3941
2637
2999
-2123
-2425
1633
-1282
-3361
2582
-103
-2123
430
-959
1177
-1133
266
1799
-2076
3825
3443
1954
-2751
2312
-2964
348
4080
-866
3235
-2322
3122
3352
338
-2195
-1757
2519
-4078
-2086
3613
655
-1100
-1453
3474
-1499
-48
-2929
3181
2462
3241
1839
-2486
2008
-639
1107
300
2637
2765
-2485
-2314
661
-3709
1437
-1680
2219
366
1729
224
-1225
-3735
1019
-4094
1339
-3651
811
3712
137
966
2025
-1378
3473
110
501
747
1197
4059
325
-1776
2725
1393
3202
-912
-239
817
429
2412
3940
912
-2856
-2072
-2045
-2173
1996
4035
-1186
65
2341
-3631
-2856
749
-2548
3092
-1588
2738
-1568
306
-2749
1888
2334
-1275
3159
-3812
2318
-3985
3699
-268
3801
449
-3268
-1642
3902
-258
-333
3205
-3973
-2091
1726
-344
1058
1027
-873
-2813
559
1871
-2354
472
1367
619
2876
-271
-114
1693
73
-1788
-2271
-1792
14
3722
-3772
305
916
-94
-1507
3983
-443
3040
-2520
-2397
-2674
-3724
2905
3994
-1930
-3493
-1023
3637
-479
126
350
-2273
-171
-1350
-1854
-1188
3836
1282
-2236
-1469
-706
1678
-568
-3668
-855
3033
-3807
1998
2427
2573
-2999
-617
481
1289
-3081
2788
-3624
1420
1590
1143
-690
3651
-1290
-283
-806
3902
-2521
2449
2324
-1623
-2401
1000
686
2026
3412
626
3250
-407
-1734
66
3546
-2250
-297
-877
-246
3930
2816
482
-3254
1683
1582
-2576
-2490
-1182
-3673
2669
-1121
-998
1427
-4039
-279
-225
611
-2503
-3216
2339
2400
-1439
3802
-923
-3870
-2406
-320
2314
-1183
-3421
-2035
463
258
2416
3056
-80
1479
2155
-45
469
-2575
-715
2184
-547
-1190
734
-3519
-1776
-67
3155
755
-388
659
-3420
-1526
-524
-2668
-2901
172
-28
-3321
492
1960
2425
-2364
1055
624
1258
-3987
1988
-375
-1423
3752
3800
-3677
1192
-495
1551
-3953
-386
-1365
1245
-2886
3273
-3086
-99
3678
2410
-1750
3164
1847
139
1944
701
-1571
-4023
-2529
830
-3676
-1
-1173
2033
-1622
-4090
2461
608
3418
-2554
-2438
-3068
-247
-2850
72
0
3688
-2319
-101
1521
-603
-999
-578
3277
2355
1167
-895
611
3135
-3919
-3046
-2860
-3920
-3404
-1340
-1648
-2345
-912
-159
2823
-1830
-3212
-35
-3868
3189
-2282
-3514
682
2129
-3263
-820
-1317
-3462
-1992
2323
2041
-615
-2783
885
-3820
2150
2117
3052
810
2791
-459
-792
2681
4006
-3780
-1297
-2291
2883
2562
3533
-3746
-197
-3155
471
-240
3942
-2778
2476
-796
1940
-523
2206
1054
-3792
-665
-1808
-720
-2083
-1159
3744
-1721
2099
-132
-1766
-2865
1410
2848
2107
-514
-3424
-937
1495
-3141
1437
-2036
-1604
-580
-64
86
1641
-1441
-2244
-2572
0
2058
169
-464
557
1146
3811
-3079
-2844
-927
-276
-643
-3965
873
-2278
-2368
2435
1607
3326
-173
-1581
-1781
406
2616
-328
-2064
460
-2521
-696
2442
2743
1156
1045
-3687
-739
62
1083
-3617
2607
-645
-1584
-3539
1320
-2374
1263
894
-1435
-993
718
2755
-348
-3778
564
-2922
-1340
-2011
2180
872
3419
1421
-3967
-498
270
-3786
-2076
-2446
1166
3856
1331
805
-2153
1499
-175
3738
1522
-85
-3378
-2699
-2075
-542
-738
2479
1021
3634
826
928
3160
-3217
-703
-2834
3922
-3619
-3503
-2758
516
1537
-2192
3159
-2160
1470
-3042
1871
729
1346
-3852
3659
3003
2787
1309
-3892
653
-3081
1254
1963
746
-2305
1735
1799
-1073
-3898
-3229
-411
2547
-451
-552
-1587
1581
4052
-2716
-2153
-1257
-3155
443
1361
4003
-2345
528
-1177
1860
2837
1875
3618
900
2195
1398
-2983
-616
-1551
-2901
-2576
-4076
-1849
-3582
3585
558
3759
2654
-1794
2760
3074
147
2717
-4005
1822
3085
1523
1128
-3575
2303
1961
1294
1200
809
3406
-2888
3631
-250
3798
-2425
-2970
1827
-384
-3770
-3570
2927
-744
-3059
4073
842
-3342
-1672
-2670
1034
-2082
-3898
777
-1353
489
1025
-3006
-1398
4078
-1598
133
3343
-2075
-2257
2842
-3023
2654
-1784
-358
-497
-69
-810
-1380
2729
2569
-1322
-2672
2082
-1489
-1301
-3534
1063
3053
-1428
1889
-163
3448
938
3182
-2095
3899
-263
-3987
-3126
-2589
1616
-560
24
1431
2930
3377
-1183
4067
-3462
1692
-714
-783
-3970
3322
-2055
-3333
3843
-2256
-3411
-1223
-2912
1243
-3234
2120
-272
4062
1212
-1963
1424
4087
-3005
3055
3122
-2523
-807
587
-155
3718
-3044
1894
-1458
-207
2610
-3757
3361
3418
2977
-927
-3593
344
3101
-4023
2761
-2549
1291
931
-2209
1324
-3309
-662
637
749
2361
1521
1030
2162
-2797
-3291
-1638
-3173
-2093
1583
1146
-929
3892
-2934
-1575
-4048
-1263
-1699
3339
2329
-1855
-3504
3270
-2327
-2589
1473
-2721
4095
-3994
2951
-2521
-1314
-280
1983
2780
1565
-1741
-4033
-3554
-2182
-2079
-1686
-1962
3222
524
-3333
-884
2734
-3566
-689
838
2789
-3227
-3495
-896
-636
-1141
3680
-4008
-867
788
3482
-656
2838
2742
-2376
1685
2063
3797
3501
-3044
-3572
-2363
-3192
1868
-2712
67
233
123
-850
-2502
-2349
-201
907
1779
499
-353
-816
-3132
897
3971
-3561
1612
666
-2770
-504
648
-1268
-3169
-751
2488
1579
-1225
-1462
2307
-1166
1873
-2125
-330
-1124
212
180
385
1709
3624
311
3710
761
190
1102
-487
584
2900
-1749
1404
-2234
-405
2477
3863
-249
-2551
1311
2450
3006
200
1042
2280
3048
239
218
-3575
3260
-771
675
1733
3929
1484
2354
-3216
2479
-1276
-9
-1051
-545
3759
2934
-3216
3124
-3740
-429
-628
1566
1406
1951
-1089
-3944
-3856
-1826
2914
2102
3136
1721
3039
-2148
-452
-4061
2840
-3193
1355
677
1383
-714
382
1956
-816
1779
903
2113
153
-2529
-2742
1686
4025
-1637
-1831
3729
-2840
-263
2888
-2423
2181
3561
3606
2930
-1743
269
-3858
-1876
2738
-977
-1731
3688
-958
-3698
2074
-3454
2132
-3244
401
-1306
3443
-2534
-3530
2897
3827
2645
389
1938
-2093
1097
3565
-232
-3375
3244
1459
1825
2029
-4012
-577
-3635
2592
1770
-326
232
1152
-2492
1784
2223
-2104
-744
1825
-274
2832
1221
-3004
3717
2945
-385
-1004
-1595
1946
-2778
2715
698
2277
192
-4011
3861
-657
-2060
-1747
-1065
3072
3868
2067
-2137
-1359
-3647
1725
-702
-1691
4010
1361
-257
666
-1583
3998
3010
-2
2955
-54
1986
-1816
-1391
-1787
3448
2988
989
-3042
2271
3564
2026
2406
-2345
3723
-381
-2201
-1094
-3905
3463
484
-978
2082
-3726
3214
-640
1660
-2052
3608
2379
-1507
2917
1032
-3630
-2401
-2437
-1716
-2262
1287
730
-3793
-3087
-4038
-1328
1345
-2689
2371
2465
-1426
-148
-900
-2617
1905
-2319
2675
-3597
324
3730
3631
3816
-573
3733
3920
2252
5
982
-890
-3522
-286
-1891
-698
1237
-3980
-1289
-1833
300
3420
1255
2040
-399
1811
-2951
-884
-1400
26
-35
-587
1748
-2144
-3987
-4047
-2288
-129
-2520
2954
-120
-204
-3371
1353
-2258
-3967
-2104
3565
930
-2794
-1495
-1012
-2021
3230
-3312
3364
2757
2407
560
2708
1044
-1015
3037
2905
-2098
-692
-252
-3280
-2847
2718
-406
1399
-1458
1100
3471
740
-2291
-3567
2240
1104
3979
3835
3501
-2409
1337
219
-3018
810
-1329
2399
1622
1123
-799
1050
-2971
3281
3950
2990
1943
1512
2336
927
3350
1639
-3648
-1287
-3083
992
3005
2826
100
-638
-936
-3311
-837
-2064
-2459
-335
633
-2297
1918
-1361
-1899
-691
300
-2688
1433
-355
-2860
1152
-298
2774
-2112
-375
-988
-2931
2162
3811
-2550
-774
3924
3250
-2693
3630
-3176
-1058
3903
2136
-2846
-569
1088
2645
3697
3216
-2767
905
3356
-3857
3665
3411
4079
2124
110
1710
2676
-2695
1683
2919
3604
-3435
1933
776
-304
-3147
-3929
-2619
2837
3703
-812
-1808
3596
-3157
-1651
2468
-4019
-3435
2052
-3049
653
-2229
468
-303
-1401
2156
-1227
1606
-275
-1910
2647
3086
2090
-330
2541
-2402
1384
-3680
1288
-1061
-3893
807
3086
-1751
3080
1192
-3944
105
2608
-1984
-3814
151
-826
-2955
3719
-708
3139
-445
-3928
1395
1762
447
-2770
3549
987
2335
-1728
1808
2222
573
-589
-1265
2796
1761
3907
-1444
-1649
-3184
-2443
1606
4076
-39
2332
167
2516
2303
-2021
2737
-1183
3349
3559
-2567
2588
1436
-198
269
2887
1886
-2156
-1581
2793
3681
3357
1439
2725
1438
1389
-3301
-1565
-816
-3683
-1941
1394
3598
1785
-31
-872
1201
-1939
-577
3333
-2756
-1924
-508
2602
-1157
-2410
-568
2831
3259
1153
1003
-2906
-2158
-750
-1317
-654
614
-1939
-1973
2448
2635
2133
-471
3273
1389
-2924
2356
501
-2484
-3154
-1239
-3779
-2292
-2976
-2069
3299
2091
-3812
2205
-2196
3320
1891
-2758
2000
3644
852
-771
-2640
-2158
-3232
-2849
740
3773
3406
3445
1381
2530
155
-1568
-2339
3213
-1903
-3727
2952
-1969
-1921
429
-1567
3117
-1988
2384
-1040
2545
-2011
3350
-1134
3446
2357
-3486
-771
-3302
2081
-1257
3837
430
2744
1003
-3632
-884
3567
-1803
-2607
-3643
135
-2081
296
3598
923
-1930
-1037
2395
-1078
3470
-2851
-2163
398
2928
-1023
-3873
1413
2064
-3146
4087
2325
639
186
3048
-2336
1880
2681
-3414
-3913
1988
626
-1999
-3624
-3748
1534
2648
-1566
-3126
2225
3017
404
-1558
748
2069
-3123
1406
-1727
-1692
-3372
3930
988
574
1674
211
-1682
269
4030
-1076
2704
1248
-3108
1384
-1963
1995
-324
-2050
-215
3867
-2228
1693
3211
1900
-3790
-3827
2027
-33
-3633
-1778
397
-2740
-1506
2034
3318
3611
1788
1264
-3171
4048
-2045
1167
663
1015
-2617
1701
2471
-3735
1039
1604
-3480
-1711
2328
-2076
-2044
172
-1712
-4066
2539
-2577
3779
4074
-528
-2037
-1291
-1829
-664
1848
2420
299
1856
-361
-1810
-1849
-1317
1313
512
-3155
909
2608
641
-2876
3881
202
-456
2573
973
-1785
3266
3037
-3964
-1488
-1546
-1421
-1644
-560
-274
3591
4064
2265
200
-2736
-3678
3957
4060
-3336
-3154
214
1275
-3060
-1569
1109
-2960
1903
302
-3352
816
1676
2418
-3246
-340
2216
3214
3
4065
-3313
2587
3382
-931
-283
-1262
-1736
1531
2476
853
-2237
17
-592
2787
-3626
3658
-199
-3170
-3600
-674
-1238
-3422
4015
2290
712
4023
-242
3306
3176
-1430
657
1454
3142
341
533
2434
-2953
650
2618
1172
1988
-2183
1044
-3065
3390
-2831
1391
-808
-717
3084
2166
3021
-3182
-3895
-2516
939
2071
-2639
-420
3240
-2007
-3763
2164
-3836
-1625
35
-150
718
2632
941
1490
-1460
-908
-2581
1611
-1043
3700
2921
1186
-553
-1389
2507
-3644
-775
3743
-3232
-3598
-603
600
1738
813
1734
-3492
-2185
3220
3394
-3326
-2052
934
959
449
-1719
-692
361
-1410
-3505
-785
-2640
1703
-764
-3467
1341
-1867
-1476
2125
-3384
2530
-2525
-3330
420
890
-2868
-972
1857
-2142
3503
-2684
115
45
-3258
-4026
649
3553
-1587
-1965
-3432
-1836
435
-3616
1388
818
-3176
-1543
-3959
-786
-3760
1571
-3176
3488
3816
2675
117
1260
3225
2845
-2443
-1313
-3070
718
-349
1958
-2220
-327
462
-1968
1077
3334
-964
1747
-1278
610
-64
-1148
684
1972
-3370
1047
3364
2795
1093
-4008
-1215
3366
-3744
-2272
1514
-552
710
616
3567
2428
-2423
-240
-753
-1421
3702
-4017
483
-3001
-209
1057
-4061
-3301
-3310
-2070
-2410
1526
-3877
2428
705
-2380
1086
1134
-1493
-1700
1217
-3425
271
1858
-2452
2266
234
1503
-1463
-549
3684
-2480
1135
2243
-3654
-235
-2604
-1958
-2195
2360
-3648
1317
227
3897
2655
3858
-3279
-2917
-1761
2948
-911
-2095
2748
-2295
3773
1399
-1090
-3111
-1441
3007
-3262
2244
-917
2764
2130
3998
704
-2462
1954
-204
-1221
860
225
-3629
2787
-1667
-1215
302
882
-714
587
1958
-2613
648
-986
2102
-2456
423
-2837
-252
2498
-3481
-1735
1749
-2755
-1534
3080
538
-3817
2069
-2038
-2914
-3038
3080
-3295
3308
-1156
-1314
-2381
-1413
1430
-287
2343
-2012
2011
-2771
-60
352
832
-782
-2669
1728
-2687
2621
-2009
2013
-2885
3854
3125
3197
1755
994
-3462
818
683
229
-1594
-3082
-903
-1158
1545
2256
1376
1467
3784
1446
-2440
3258
-3787
2005
1580
-3727
96
3360
225
3912
-3594
2105
-4086
1281
44
-1121
-1072
196
-264
-1137
-340
-923
-3483
-1437
610
-1383
3326
-983
2965
2995
896
1399
304
-2731
-3796
2414
-541
-478
3525
-3637
-3168
147
317
-1619
-3395
2197
-538
2163
-1095
1412
-571
836
3067
1041
3229
2535
1506
-604
3814
-1011
-2741
3309
2708
27
-2175
-502
1169
-3858
2653
-2637
-1385
4089
3759
-620
-2821
-2495
743
650
-3084
-3158
-2116
3909
-903
3426
-379
-1248
-3043
-561
-1838
-2088
-2812
-2030
-2195
2910
3358
2347
1536
-568
1737
1901
1865
-3881
294
3519
1527
2696
-1999
3798
-3310
1283
488
3951
-1695
-369
321
1453
1323
2998
-1585
3749
3934
-3356
-2979
1936
1575
-670
-2754
-4088
-948
-3786
-2631
-3455
2381
1475
684
-2983
3478
-2359
1205
460
3419
748
-1656
2431
1102
-3874
-3264
-3592
-1495
-1420
-2100
-2701
-2550
-3845
-1165
-2440
1339
2566
-3928
-1504
3022
572
419
3739
-1039
-4094
1370
527
3665
3580
485
1222
1016
724
593
1783
-3510
-1709
-2423
-1748
2416
-2506
-351
-3611
3309
-654
923
1523
-1569
-2788
379
-1682
-2830
-3722
-648
-523
-3122
2756
-1967
-3393
-1271
-879
1827
38
553
1463
3301
-725
-2440
3192
-1727
-2058
-2649
130
-2989
-1702
3474
-2359
-888
-506
-1127
-2374
1018
-2367
3451
-2451
1082
-1835
1131
-157
-1392
-189
344
1976
849
2674
355
2308
-4051
-735
-2042
-393
-3600
-2761
98
661
-681
2261
-3399
-2258
2623
2129
1788
-255
-921
-1054
-82
1992
3677
-222
-3575
-1170
1734
1186
-3573
1189
-184
983
3660
-3715
-2230
3448
2122
-1898
-2002
-1382
3004
-1642
1889
1679
2176
-3467
2091
-236
-1594
2140
530
-2040
2838
259
1963
-2226
98
-1514
-2601
3354
1967
-3042
3080
-1618
3135
306
-1155
2221
-2189
642
25
928
2641
-2111
-1541
-1829
4095
-3470
-4054
3658
-655
2662
2215
-1708
3267
364
-1122
-3417
3736
815
-2802
593
-3419
-1784
960
2375
-1215
3425
1729
-3738
-3387
98
1299
-82
-851
-2120
-3541
-2358
2681
-2146
-1393
1160
1368
-1942
-1527
3998
1591
1232
3515
3830
-2211
3924
472
-425
-2234
-2698
-2997
2140
-251
3367
1571
-2597
3270
-1956
-1048
2960
-3545
-820
-880
-3074
3816
2645
1438
-2987
-676
3468
-1432
-1313
1702
-3295
864
1914
-853
234
-3979
751
-888
2321
4086
-4015
3471
-2913
-1260
1413
-3399
-1617
-2773
-480
2169
1263
4022
1656
1314
-3140
1094
1970
2351
-1277
917
-2479
-3304
388
-3532
-1511
-1583
3658
692
2324
1099
-3311
333
-2664
1973
-2200
2536
-3111
584
3725
273
1625
3914
-3366
2405
-2517
-2964
1603
-2917
-1885
16
3685
-573
201
-2104
-1177
-971
-138
3990
1300
1003
-1709
-1453
3168
-3483
1069
-948
1956
-3359
2679
-1989
3745
2563
-3750
3291
-662
-676
-70
1587
-2405
101
377
-37
2570
396
-667
-914
1249
-103
1839
-1859
-3594
-776
569
-2807
3337
2353
-3957
1953
1690
-3585
-638
-2674
-3881
-2791
2076
30
3090
1143
-3170
2538
-2763
-2030
3185
-960
-2236
3136
853
666
396
-2263
4012
-4047
3099
2569
-948
-489
-1806
-2240
-2407
1674
-3650
-3422
2429
1046
-3449
-1202
-1506
-2275
2247
-2683
-1760
2811
-1596
-366
-59
-454
2756
22
-3868
3915
282
-2491
2174
-2298
-1420
3520
4058
-2651
3190
1465
963
2864
-1700
712
-3954
-599
1552
1929
3761
-4051
-1017
170
1615
-2538
1743
3960
1828
2329
1518
905
3573
1517
499
660
3577
1250
-4092
1479
-145
-2321
-3925
-499
-817
-1090
-1775
-3712
3500
-2282
-483
-67
3559
-463
-2737
1070
-1864
676
-1481
-3351
-4004
-538
-2340
2936
1287
1647
4065
-1735
3032
2987
45
461
-3354
-3602
-2312
-3038
-3202
-3904
-3731
3191
-3867
-2693
2458
3269
2531
3068
2122
-389
570
-2120
-2753
1008
-543
3306
-3561
1102
3145
-3072
-32
-2901
-310
1043
1307
3813
1327
-665
2899
-1844
-2489
3622
3456
1190
-327
-4012
-2412
2922
596
-1059
-1301
3781
-2613
2613
2023
-763
-1416
-2371
917
3282
-3729
1604
-1920
-672
300
-324
2507
-135
360
2440
-3110
2800
3493
1206
-542
1560
-3591
2220
-3595
3932
527
1402
169
-4058
-189
-2913
-1511
-3729
2693
1223
-1232
-3410
-1852
-2143
-331
-1151
-2139
-3893
4090
2838
2163
-3483
3272
-486
3957
1009
-397
1821
-1859
3601
1847
3049
3210
-2198
2607
3388
2595
252
1797
3642
2448
-2751
879
999
344
833
-1161
2081
-2633
3479
1124
1818
1452
1396
-2809
811
-1497
4007
-4039
-1019
-1415
2479
1639
2851
648
-1321
-911
-1397
-1114
-1516
-3735
-988
1793
3513
1811
-2024
2289
-1707
871
9
2697
3293
373
1875
-3387
-1314
1622
-66
3203
1056
4017
48
3487
-2043
-2218
1783
-3382
332
-1574
-1147
-1503
-3891
-668
-2445
-3441
693
2486
1477
2497
2141
-1476
1439
808
-421
3978
3247
-4030
415
2903
378
-2266
-1515
-1813
2535
-2416
834
408
-558
4044
3598
-2548
-1216
1695
-3085
396
-2751
438
-3319
3163
2467
2338
-1280
1479
-3962
-2819
1258
-2117
-3754
10
-219
2110
3069
3141
704
-4051
-3693
-2377
-944
2716
1187
-179
2711
825
-2013
-1016
1242
1106
-1578
2507
-2361
1358
660
-2835
3495
2414
-2895
-3033
794
3879
-597
-943
-3925
-2054
2201
3691
2928
-2424
593
1096
2620
-579
-2008
2930
3374
-1513
3513
1715
410
654
-140
-3078
1203
2561
2570
-1788
3072
2514
-1884
3787
-4061
-1039
3661
2725
-2428
-2587
3629
-1541
2975
2532
3663
2544
2592
3625
-2310
1544
425
-1658
-1241
-4062
3667
-2142
26
-3936
3689
356
-2596
1801
-3863
1474
-550
257
1505
967
2203
-2320
3487
-878
-4050
2419
3090
-2805
-1580
2684
-1840
3424
3080
3366
-1502
-3235
-1171
1384
1827
4075
-2981
-1329
-1078
3566
548
4005
2216
683
2920
-1689
191
-4031
2289
-1924
3582
-1801
-206
-346
-3169
-3943
1971
-2010
3091
-1292
-2647
2241
3811
104
3496
2024
3931
-1353
2860
-1327
1516
1556
931
3580
2164
1841
-3758
3553
-2163
-1381
-1589
-449
3135
1466
-3501
-3833
3968
-314
-764
730
574
-3643
-2558
3710
-2661
2188
305
-1578
343
-1244
1742
-670
2275
2418
-782
1871
-1623
1594
-422
710
-2204
3237
1439
-1854
3764
1531
-4080
-3025
-3186
-1202
399
-1229
-395
-2108
-4032
-3900
1621
-554
-3760
-747
-1411
744
-384
-3654
1021
3442
3833
3443
3399
949
-179
-1380
3794
765
-247
-2792
-3791
3054
-3209
-3649
3373
1555
-3572
3243
-2358
-2115
-850
-242
-1333
-4008
-2520
3240
2144
2295
-715
-1392
-749
-3104
-3849
-3100
2348
-553
-518
-3748
1803
3433
-2268
-2443
679
-1573
-2492
-1388
-1816
3466
2647
3682
3590
-3
935
-1864
3315
-2965
-3778
-1803
1956
1757
2246
-3593
3541
-1536
1337
2992
-1262
-844
-2650
839
-3910
3356
1021
-3954
-344
-3329
664
2556
-1693
-2202
-1119
3862
-4094
482
3319
-422
-1030
2629
-746
933
7
3680
2993
781
2137
-3621
-4082
1542
3998
-2632
-3346
2258
2737
2332
-3280
-477
-3431
-3959
2201
-2919
-3628
3500
1736
3598
-2971
-764
1093
-2502
3815
3217
-4003
2190
-3755
1571
-2699
2104
-2839
1750
-2454
2118
3387
-3552
-1810
119
-2697
-432
2935
1847
-580
-360
-3813
1415
3972
-3036
321
3660
-3941
4094
-979
-3184
3454
2184
2143
793
-3355
-1907
3617
1533
-2391
-1727
1531
2325
-312
-3032
-2441
-871
-1641
4093
2992
2412
-1943
-1227
3545
861
3233
-456
-3881
2046
-1009
1389
3103
1154
-1220
-337
1942
-2367
-2972
-1254
-2259
-165
-608
2066
-3404
491
-998
3768
44
655
-1977
1381
-3742
-3709
3248
-944
-2982
-2808
-1731
3984
-794
-1357
-2259
-1799
1855
3569
3446
3656
507
-1615
-40
-1071
3668
-2517
562
2343
2785
3149
-633
3253
3306
2225
-3580
-1653
958
3747
1731
4020
506
2608
752
-2424
-460
390
-2330
-3582
-2273
-102
3496
-1750
928
-1356
-2124
3963
3722
-3698
3331
3916
-3504
788
-3854
3280
-1985
3789
-1041
-1743
-2845
-533
-284
3503
2876
-289
-1035
-1806
319
2183
-2869
-2109
653
2144
3246
-3664
-2891
-2868
-501
-3085
-1284
1392
-3483
2763
-1697
3880
2217
-1228
3696
469
3164
-745
-138
-1038
-1792
-4017
3402
-1299
-416
-2496
-817
-2583
-78
-1809
3088
2524
2315
-19
-2786
-3093
1084
3558
231
3180
-729
2760
3861
-485
963
-3618
-477
-2111
-1220
1150
-3187
-393
-3161
566
-618
4040
-1230
-2893
3952
-840
-1578
774
-2409
-752
919
-3541
2050
186
3790
413
402
-1659
3062
-2628
-3836
3738
3831
-3373
3302
1678
1933
-136
-962
1003
1074
969
1774
3109
3085
-3659
-1014
47
-3719
-2893
-3451
3051
1599
1175
-3510
-3218
-3595
-1965
-2719
2014
-2620
-438
783
287
3907
3332
3656
-454
1379
-3721
3808
-1283
2934
485
131
-3267
-4077
-2289
95
1171
1660
-3168
-2694
2381
1156
772
754
-80
1207
1150
3065
-4089
4027
3811
762
4029
-1293
-3644
-2628
-3965
3935
-556
-2696
-186
1203
1146
1658
3219
-3422
1615
-3820
2512
-554
908
3989
2870
1419
326
4063
3924
1848
1343
2114
999
-3400
-1530
67
45
-2006
-3803
-1731
-1631
-1908
-3171
-2469
-3046
3973
-3728
759
3433
-3247
-3187
813
3936
-89
-622
-2125
-876
-115
-1812
2950
2806
-1055
-723
3071
1877
927
1440
104
463
828
-2015
-3339
-2890
2842
1942
1369
-427
3092
-143
-1211
193
-2989
-3879
-2914
-3287
1332
2599
-1
-4029
-1999
443
2529
-1697
-2022
3592
-3860
-1276
-1322
1751
1307
3882
-2149
-3215
3778
898
928
-954
-2212
-886
395
3372
71
2913
1612
1534
-1511
-1463
3706
1714
-3730
975
-3954
-4020
485
-2209
1193
-1040
-2037
2659
426
-2473
-1418
1501
-422
322
-1732
-620
3226
3661
-1355
496
-3259
3814
1394
-754
-2474
3758
-3068
826
-284
3548
2445
3607
-616
1191
850
-425
-3223
-1213
2520
2343
1100
-695
3169
-3563
-2669
-1374
3087
-2594
4057
-1580
-1376
-824
-2148
-1025
4005
1470
-1278
1082
-3687
-3805
-3565
-3279
1968
-2164
-1466
2740
1653
3346
-1505
-277
-3644
2424
3914
1177
-4056
1670
-1969
1985
-2631
1770
3798
2844
3978
1061
2370
-2803
3087
-2744
-542
-2314
712
-4027
-743
2523
1970
-3376
-612
-3029
123
1882
-1333
-315
1721
-3229
-2885
2765
-1337
2182
516
-1358
-807
-64
-2764
-1913
-3087
1285
-289
649
564
-177
-1231
2950
1542
552
-1646
450
-2549
3872
-3607
-9
1389
2923
-2894
-3689
3356
-2811
-2713
-3059
2702
-2219
1425
-2705
-3183
-1096
74
-1196
2399
3143
3597
560
-2507
3348
-941
-1285
-1826
3895
-2077
3130
889
-3858
1236
2428
982
-738
-115
3340
-574
3748
807
-1063
-345
-1789
3367
-3586
-954
1125
-210
-1731
-932
-1676
-3767
-3670
3513
1762
-163
-2858
3688
-2930
1375
3121
-1672
424
-3703
-3076
-528
1586
1577
-446
-387
1220
-937
1059
534
3490
-2314
-142
-2665
-1774
2722
2811
-1410
-3451
1462
-3983
2009
-2401
1089
3476
-3354
3532
-1289
-1464
146
2130
3992
-2023
1147
198
-1179
-363
1192
2039
2129
-3905
-194
2960
-2921
1342
-3566
1839
222
-673
-1145
-3978
-957
1417
-3010
335
-780
-2431
3487
-2457
1624
-1283
3176
461
2889
671
-2005
-2264
799
-1016
3042
-757
1496
700
-388
-3199
2861
3106
-3509
-1243
605
2241
-2467
-1477
-4091
-2981
-3845
2763
-2831
-2133
-2524
1135
-1623
-3230
3713
-3338
2291
2833
-1893
-3930
2708
-829
-2457
3703
2959
315
2976
2677
-1596
1539
-2189
1435
-2266
-1048
-388
1952
3697
-1458
2278
-3251
-2805
2529
-921
-2189
-2923
3730
414
-1401
1242
-2744
3331
631
3381
-895
-3154
2705
-3616
3548
-2249
-2958
1274
2093
3662
273
1848
-2439
-3617
4016
1063
-370
-865
-1984
-117
827
-3078
-3443
2282
1944
839
-2656
-1138
-3770
-4069
3562
409
1157
2911
-1660
482
-1299
2176
-3816
2087
2210
3882
-1517
1770
1584
786
2780
886
2470
-2983
2729
-2521
-2929
580
-964
-218
-1498
3946
-928
111
3364
3562
-2094
1891
53
503
-148
2716
-3626
1631
-1867
-3670
-1853
2285
-1044
1198
-3294
2362
1017
-1761
935
3853
-1192
-65
-1673
1218
-3545
2810
216
-4083
3396
-1573
1850
-3887
-4092
3937
3816
-2015
2072
1635
3776
-3191
-3645
-431
-2905
-1026
-1604
-703
2439
2225
-2046
-3367
1666
-2679
3367
3388
3072
-2177
-293
-2387
3028
-1307
1916
3991
-2505
2695
-91
2222
-3253
-1400
-1023
1477
-3176
2621
-2167
2571
-229
1636
-1792
-2405
-3651
657
-2970
-1404
3684
557
-3497
611
-1592
1950
48
-763
-207
-2422
-3930
-2201
1735
3133
1641
-2738
-3246
-1840
-1233
-1128
-1587
2489
-3503
-1912
1556
-1613
-970
781
2576
3316
-259
1350
-1157
-2056
1546
1119
2166
-673
-2766
1187
2825
-1617
-2519
2405
2216
-1121
3583
1885
1567
3034
-3030
2151
-3667
-2674
-1315
2563
2567
-3839
2483
-1990
3774
3080
1488
-3906
-715
-2072
2903
751
2953
-715
3191
216
3363
-2653
-2108
-2355
-3659
-953
-2208
-10
3608
-2574
-2211
-793
2654
1240
691
3412
1415
-1709
2517
1215
1307
3132
2931
2344
1129
763
51
-312
-3065
359
3008
3715
1645
3852
1297
-2147
3139
-2024
229
322
-1094
603
-2643
3851
2468
1273
-3886
1709
2220
-1502
-2436
-2026
-736
3453
227
2325
-766
2467
-3844
925
-2336
3598
-3090
-3563
-2676
-636
523
2495
-2617
2225
1532
69
3383
1611
-662
-1252
-639
1030
1965
-849
-1466
-1561
-52
3249
-1813
1417
-1833
1548
4023
-155
-1600
3588
2162
1874
1019
-577
112
-379
2099
2833
911
3162
1641
3864
3773
-2157
1331
3518
2172
3526
4019
-1582
-2146
-200
1494
-4062
-3188
1053
-3742
-2301
744
602
2012
1474
-1320
3281
-911
-1278
2728
3208
416
2531
2207
241
-309
1177
2904
-3130
-1803
910
-1412
-270
-862
-1285
3027
-3717
-3572
2951
-1641
3536
1638
3004
-2397
1268
-2546
3228
2273
-2186
-952
-2629
-3869
3327
-307
932
1279
3898
-990
-3364
749
3493
2714
-3158
-2028
4026
624
2864
-714
-3742
-181
2969
950
282
-1483
1233
87
1432
-3255
-3693
1743
-72
-2087
2764
935
3823
-2988
-2577
-1373
-1784
2410
-992
-3647
-1202
2920
-3994
-327
-2935
2907
-1120
-4014
864
3545
-2749
2205
-3678
-3454
3016
-2999
1716
-922
2391
-1585
3663
-2833
144
-1536
1562
-353
-1807
653
-3077
-1963
-3017
-2120
-2690
2251
-195
-2215
138
-450
3704
1290
2971
-1386
106
-2071
-2050
-1085
-806
-1608
2151
386
3601
-2108
-3554
-4021
-449
-237
-2858
-7
3662
-2052
-2018
-2588
2246
-2224
-3961
2647
1116
-3109
3218
3737
153
-2993
-1502
1880
-983
2686
-2973
1729
-1279
1424
2468
-514
634
-63
-2561
3425
3679
1630
1226
2155
3346
-1115
-1923
-3346
-2703
251
-649
564
-293
-1040
-331
-1473
-2691
-1001
2517
2032
-3901
-3990
1896
835
-3914
-1579
-1853
-1751
2770
-905
-3161
-3016
1386
-1578
3077
1575
2662
515
614
966
-2437
-900
592
-2341
1347
2367
1529
2168
1209
-2724
-3261
-3073
-1673
2290
843
2721
1705
-3475
-2177
1563
870
3936
1122
1220
1659
2523
-51
2652
-993
4013
6
1020
-2163
-4008
2119
-3768
1310
1294
1521
668
2362
-4005
-596
42
-3408
-3425
-2597
-1030
-749
-909
2418
1762
94
2065
-1474
-700
1829
-2154
-3171
4014
2156
-1803
-3692
-1322
-3776
3214
-2814
1731
3937
428
-2434
1056
-1737
2592
-1310
3297
1757
28
-3837
1699
3582
-1521
1697
1113
2953
-2854
-2669
1458
3024
1123
2464
3705
-1328
-1478
987
-492
3994
-2774
1169
-3134
1332
1317
-1706
-216
2729
-873
-1664
1222
119
-4062
1782
1580
-2471
-3277
-50
-3667
-112
-1288
3664
2453
2844
3395
3808
3404
-3223
-937
-3829
2590
-2777
-1750
-4087
-114
-2210
-1921
-2907
4077
-3604
2067
3898
3147
-651
-3935
2507
-2589
105
-4015
1565
199
-1437
1458
2399
-1904
-720
-1128
1251
-3548
168
-2287
-1720
3863
-1024
-1921
-3817
2268
145
-1406
1070
355
3186
-2313
-1663
-2244
-1056
-411
1215
506
-3961
-732
452
-744
-2632
-3141
1365
1397
-884
797
-1379
-282
-3476
-1115
-872
-2835
-4049
-324
-2472
1002
3219
-615
-3543
944
-1626
-2878
-686
-1344
3854
-662
4081
-1368
2968
343
-2760
-2353
1392
2373
-884
-1171
963
-1419
-3114
-1716
-1127
3503
1779
-1050
-2467
-1996
2738
3016
3222
-873
-514
2521
-1998
-3127
2608
-3889
-3125
-751
4072
-1459
3194
3576
3710
1870
3789
2847
-692
-1685
1118
3707
1463
3366
2701
-1300
1823
-1026
-2119
2758
-3002
474
-3276
-2902
-498
-2563
1207
1247
1579
-3162
538
2862
-3126
3283
-298
-2883
2477
-1899
2582
1531
-1197
601
-2173
979
2365
3936
412
-1169
2495
592
2301
-1998
-2736
2341
508
207
-3870
-14
-2657
1603
-1040
3831
51
895
1261
-1244
866
-149
3045
728
-2266
1162
-1745
-3988
2171
1233
-2940
567
-1873
1441
2949
2600
-1833
3321
1144
239
-890
-1356
-2578
2941
-2744
-3864
1047
483
1798
-1958
515
-371
3213
-3130
-3647
-3672
-674
3076
-2181
-3906
-2000
-2418
4011
-1872
-730
-2365
-198
-3593
-2334
-3672
-1900
-2326
-85
1732
3227
3096
1121
84
223
2750
1691
-2199
-3756
-1204
228
-3879
-4030
-608
-3415
2286
-3882
3679
2704
-1944
-1623
3881
-1618
-1108
3682
-3273
3094
1943
1070
-3047
-795
-2936
2523
-1490
-2186
4059
4033
3029
-1733
-2833
-2354
1134
971
-284
-1533
2430
473
-2910
-3790
32
-3739
-1595
3840
1135
-569
2797
1883
-180
2912
-799
-3797
-2678
404
3171
-1797
1980
3199
-1020
-7
-325
2027
3500
2957
-2668
-50
-2123
-2601
-4021
-2197
-3104
2205
1338
467
156
417
-1051
-3603
-2259
40
141
203
3937
2969
-1714
-2864
969
-1711
2281
570
-2653
2918
3433
-63
793
2428
-194
3199
1340
-3899
3144
-3777
-3640
2325
-3570
167
-3884
-1735
-1415
-721
1903
3143
-1686
-2133
224
1985
507
3385
-3058
-1877
415
564
-1033
-3424
2
-561
-3199
4003
-1855
3816
-3977
-1351
3371
-440
-2256
-769
-265
-2874
3633
3747
-2251
1445
-3916
2144
3392
3755
-3569
-3662
1652
1081
2323
-2483
3184
-3886
-3463
-2261
3749
2973
962
1150
2886
-3532
1820
1108
3104
3284
-4041
-3919
-2932
-1755
-3151
3918
3626
-2278
3817
750
142
872
3284
1339
74
-3623
-2199
3149
-3060
3335
-728
-823
1856
750
2434
90
1687
443
-2942
3168
-2309
-3036
2046
-1448
2897
-3125
-3844
3883
2954
-3182
-2038
3869
-138
504
-1998
2002
2272
624
3032
1232
-2759
-1363
-113
16
1688
265
2375
3355
-255
-1498
-3436
2465
347
1834
-1066
1116
3327
-2237
3630
-2412
1356
-852
-2716
-2148
-3970
-1128
3051
826
2588
2681
1630
3384
-2181
206
-3779
2937
-1200
-674
3900
-2791
-2374
-2989
-3417
632
-2380
-1468
-3015
776
-2282
2816
3601
3005
-1351
525
2407
835
-3139
2014
-3544
274
-1864
1744
-2499
1884
-3503
-2651
2263
-3713
1145
674
3458
-141
-1238
-866
706
-2515
2883
-3353
2684
1972
-1747
-1003
2088
3528
-762
-2689
1616
2625
890
3541
537
70
2124
-611
469
-2803
3110
2130
-330
-240
1670
1216
1664
-2045
3237
54
3450
3099
3548
2190
-2197
-2138
-607
2314
-1735
-2029
-1389
-2596
-2991
-1512
2035
1811
-1691
2868
-428
1064
-1860
3836
-3375
-3405
514
324
-488
860
-3465
1515
3939
2793
44
-2677
2528
-3097
2848
2759
-797
3141
-3407
-3214
-2289
3278
2351
-3062
4024
3728
3325
-445
-1954
2049
2284
-2833
-2781
-296
1248
1891
3489
-1100
1771
-3938
-1827
1671
1783
2814
-1563
-348
-1480
-2833
964
-2258
-2544
1655
-1127
-3681
2822
-501
-2997
-1610
193
325
1095
-1508
3855
-2742
-3374
2936
958
-3759
3251
888
-2771
2531
3563
-2356
373
1417
3355
-4044
3170
3838
3595
175
-3174
2543
-3183
210
726
-3531
-2786
-3949
-377
532
-99
2751
-3171
-1622
1076
-3127
1635
-2483
911
-2581
-1339
1830
-3807
-3189
-2954
-3822
-105
-2227
875
-1850
-1550
2105
-2457
3908
3185
-909
313
-458
326
-113
3272
-2238
-2317
-2558
122
1047
1194
761
-3644
-2923
-2966
3162
-2475
3304
3171
-1986
-3257
1628
497
574
-403
-2291
-677
-1153
-3626
2958
-3813
1680
1548
898
-210
-2970
-3013
-849
-593
-34
3044
2594
-1283
-3946
-3727
3310
737
-1541
-1783
-2909
-1228
-1364
2286
-3657
3636
-3876
1921
2209
2025
-4018
-772
1005
-31
3794
-890
-3808
295
-2264
-3290
-1365
-1421
1319
3520
-2451
1492
-3107
1509
3773
-2563
3356
-1983
1475
49
764
1469
-2075
3275
2137
2827
54
2865
-2488
3177
1819
1542
-1001
-52
-1708
-2121
3441
505
2385
-719
2385
918
-3770
-1504
-4061
-233
-2230
-2864
-1204
1612
3018
-1288
-3228
3784
-1479
-1943
3953
-2207
2548
-1695
-200
202
3703
-1566
-1887
3724
-2816
3173
2710
-3465
-3268
3957
-77
2657
-1683
1042
2184
-218
-216
2603
-867
-2913
-3147
1535
755
1855
-2216
-3052
-3785
822
-1870
3257
-3109
-1750
-1164
-1333
-2488
1618
2140
-3302
-4057
-2822
-2778
374
3392
3841
-3060
1126
2381
1303
-3134
1480
2786
3066
2155
3725
3334
-197
134
-388
1767
-597
3135
-2806
-504
-870
2650
-1068
1353
-2171
-2311
1529
-156
-3566
2298
3816
4088
702
-2041
452
-3521
-2087
-3674
3416
-3195
-344
3291
2960
-3601
3737
-2288
1773
3776
-1312
-1887
171
-3087
3388
-1318
3597
-103
-1828
-1719
2746
3122
3028
1750
-3595
3181
-3151
2575
2285
-1485
136
-190
-3221
3579
-3689
1645
-2427
-631
-1985
-2064
3811
-2295
-2122
-2093
-2342
1889
2286
2116
-2374
-2364
-2801
-210
584
2491
-3223
4054
-1609
-1710
-3028
-4043
3286
3753
3916
-2887
3372
-65
-1068
3210
1118
-125
-2065
-3184
-2337
3310
-506
-2544
998
-1172
3974
-3013
1118
1231
3354
-3838
1951
-622
4047
3595
509
3557
-1971
-711
-110
-3788
1846
-3238
1687
1054
719
1322
663
2591
1655
2902
804
3179
273
1649
1677
-372
-4046
-2391
3985
-2584
145
3279
1755
1423
3864
-1478
-2593
-3349
-355
3251
2244
-1459
3138
3832
-3199
3636
2131
-56
497
-3200
-1709
838
1143
-3073
994
3530
1756
-1336
647
-3826
3393
3094
2089
1218
534
2851
-904
2449
-3781
-3545
-3655
-3917
-3872
2114
-2231
173
1114
-2957
-2322
-1693
402
1003
42
3354
783
-407
-1687
-1658
-1387
1887
1520
1050
1232
-1741
4087
2314
-3883
-1699
-2673
-3653
-3761
-3800
194
2815
-1039
1103
-2667
-1098
-2065
-3357
2178
-2449
-796
1794
-1010
2830
-1317
2027
-3897
3092
1353
-3399
2252
-3823
-3241
2277
-563
3288
-683
732
-2338
-2368
-2001
-1070
1045
2642
165
2322
2347
-2639
1037
-2815
1451
-2959
2994
3827
3159
-796
2398
2867
1933
-1746
3359
-420
-2022
3103
3881
-564
3830
3371
3120
3965
-1106
-3247
2531
2852
3432
-2467
-476
-210
1851
1462
1041
-2873
-1455
3504
-1154
-2662
4038
-1669
-3832
-2842
928
-1767
4
3903
1196
-3492
-3296
-3012
-321
1134
1697
3736
-1514
-17
1735
-322
-4072
-4068
4067
-1836
-1048
-3404
-3502
-904
645
-1204
-1739
3982
-2154
-407
-2762
-2456
2819
2719
2207
-3958
1692
3505
-1491
-827
-2352
-384
2875
3249
-174
-726
290
-1579
-1515
1804
-661
2883
836
3453
2605
369
2215
-858
1023
-1928
-3668
38
-1741
-2972
-1819
2884
2346
-738
-3963
-1415
279
3334
2537
3489
108
-662
3975
3639
-2317
782
3196
2520
-1241
-534
3354
-3580
3733
-2032
2915
-1638
-2746
2704
3000
-151
-667
-1261
503
1215
2945
-2852
-3698
1741
-1059
1413
-1103
-2902
1256
2380
3758
-1382
-3464
-97
-2329
1615
3061
-3382
-2707
-1902
-705
-3646
-2271
1563
-3963
-3687
-2378
-3954
3617
1617
1268
3029
3603
-2897
3342
1885
4019
-1761
3888
1625
-3171
-3284
-2190
3199
-3098
3562
-3952
-505
-714
1577
10
-4008
802
-2128
901
253
875
-1429
-2584
681
1252
-1857
2642
471
1669
-3316
-1416
-1613
806
2813
3400
1684
-2508
3244
3646
-2582
-4072
1911
2706
-1878
-336
-1959
232
3970
3218
-2746
1658
-2701
3449
1066
-1679
3802
3992
178
-4001
-2882
-3156
-1993
222
-330
459
-1867
-3412
2187
-2322
-1668
2805
-1562
2993
1209
3797
-3139
-741
2149
-2903
307
1461
1383
-2647
3542
-2727
779
-2489
-43
4082
188
-1247
-2545
267
2951
-3078
-2437
-1337
-1220
3295
762
-1781
-3364
3883
-1561
-563
-3556
981
-3799
2604
323
1817
-2030
-2486
3043
-3917
-3612
1251
1776
2191
-811
991
-469
2277
3220
-2826
2371
2209
-3703
-3556
2284
-2360
-883
-585
-553
-1901
1435
1635
768
2076
601
-3436
-1355
-3278
2148
3612
-2019
2138
1391
-1466
1404
-3308
2163
648
-664
-2823
3532
143
-3713
-1753
2064
-2103
-3146
-2890
-2868
2386
-3627
3017
2446
-529
-2294
281
1420
2521
3845
2804
-1448
-1801
956
-939
855
-4001
828
2080
2492
-2289
1865
2421
2994
228
1025
461
-3843
2971
-2857
431
3140
-2
3259
3146
-595
2346
-3910
-1651
-1517
-1457
815
919
85
1265
3705
2559
-2033
-2621
-548
-2852
-3011
3604
1773
-1539
-3038
1737
-818
-319
-2451
3846
3281
-713
774
2415
910
2466
-2274
2651
3134
3243
3090
1834
-3541
-716
-3738
3957
-2775
-45
3909
-776
-3633
549
-1121
1763
-3295
2235
-1795
-2102
2127
-3137
-3285
-596
-3574
-1419
-3102
-15
-1342
355
-3764
2622
-3029
-1157
735
-1968
1982
535
4009
-3137
-1772
2778
-2655
-3418
-3357
-2364
1796
1893
-1652
1457
-2214
-1153
339
1272
2819
-3739
-773
1274
-1119
-3330
-274
-3407
2489
2799
-159
2432
-3586
-2473
-1177
82
4059
-396
-2147
70
-2267
3648
903
-516
-67
3438
3476
-2599
1264
-2796
627
2342
2603
1327
-313
-3922
702
1026
-2337
-902
763
-2631
-2020
3110
2111
1630
592
-3329
-2615
3850
1958
1413
3054
-169
